""	"Christop"	"Christia"	"John"	"James"	"William"	"Jionni"	"Naksh"	"Jometh"	"Viaan"	"Shenouda"	"Jefre"	"Robert"	"Alfy"	"Dilanjan"	"Joseph"	"Trayvond"	"Kimario"	"Terdell"	"Chandar"	"Pajtim"	"Eriksson"	"Ebay"	"Andamo"	"Tamija"	"Jamiroquan"	"Demea"	"Johnbenedict"	"Tio"	"Charles"	"Sunel"	"Johnatho"	"Tyrann"	"Coopar"	"Kya"	"Itzae"	"Quarterrio"	"Dmoni"	"Fardy"	"Jencarlos"	"Travolta"	"Jeremih"	"Jervontae"	"Zaykeese"	"Starbuck"	"Albieri"	"Sarith"	"Amareion"	"Tremelle"	"Mackenzi"	"Quaysean"	"Ardan"
"0.998938428874735"	1	1	0.998938428874735	0.996815286624204	0.997876857749469	1	1	1	1	1	1	0.989384288747346	1	1	0.992569002123142	1	1	1	1	1	1	1	1	1	1	1	1	1	0.995753715498938	1	1	1	1	1	1	1	1	1	1	1	1	1	1	1	1	1	1	1	1	1	1
"0.998933901918977"	1	1	0.998933901918977	0.99680170575693	0.997867803837953	1	1	1	1	1	1	0.988272921108742	1	1	0.992537313432836	1	1	1	1	1	1	1	1	1	1	1	1	1	0.994669509594883	1	1	1	1	1	1	1	1	1	1	1	1	1	1	1	1	1	1	1	1	1	1
"0.999027237354086"	1	1	0.999027237354086	0.997081712062257	0.998054474708171	1	1	1	1	1	1	0.990272373540856	1	1	0.993190661478599	1	1	1	1	1	1	1	1	1	1	1	1	1	0.995136186770428	1	1	1	1	1	1	1	1	1	1	1	1	1	1	1	1	1	1	1	1	1	1
"0.999051233396584"	1	1	0.999051233396584	0.997153700189753	0.998102466793169	1	1	1	1	1	1	0.99146110056926	1	1	0.993358633776091	1	1	1	1	1	1	1	1	1	1	1	1	1	0.996204933586338	1	1	1	1	1	1	1	1	1	1	1	1	1	1	1	1	1	1	1	1	1	1
"0.999146757679181"	1	1	0.999146757679181	0.997440273037543	0.998293515358362	1	1	1	1	1	1	0.991467576791809	1	1	0.994027303754266	1	1	1	1	1	1	1	1	1	1	1	1	1	0.995733788395904	1	1	1	1	1	1	1	1	1	1	1	1	1	1	1	1	1	1	1	1	1	1
"0.999164578111946"	1	1	0.999164578111946	0.99749373433584	0.998329156223893	1	1	1	1	1	1	0.992481203007519	1	1	0.994152046783626	1	1	1	1	1	1	1	1	1	1	1	1	1	0.995822890559733	1	1	1	1	1	1	1	1	1	1	1	1	1	1	1	1	1	1	1	1	1	1
"0.999219968798752"	1	1	0.999219968798752	0.997659906396256	0.998439937597504	1	1	1	1	1	1	0.993759750390016	1	1	0.994539781591264	1	1	1	1	1	1	1	1	1	1	1	1	1	0.99609984399376	1	1	1	1	1	1	1	1	1	1	1	1	1	1	1	1	1	1	1	1	1	1
"0.999234303215927"	1	1	0.999234303215927	0.99770290964778	0.998468606431853	1	1	1	1	1	1	0.991577335375191	1	1	0.994640122511485	1	1	1	1	1	1	1	1	1	1	1	1	1	0.996171516079633	1	1	1	1	1	1	1	1	1	1	1	1	1	1	1	1	1	1	1	1	1	1
"0.99932157394844"	1	1	0.99932157394844	0.997964721845319	0.998643147896879	1	1	1	1	1	1	0.994572591587517	1	1	0.995251017639077	1	1	1	1	1	1	1	1	1	1	1	1	1	0.996607869742198	1	1	1	1	1	1	1	1	1	1	1	1	1	1	1	1	1	1	1	1	1	1
"0.999323867478026"	1	1	0.999323867478026	0.997971602434077	0.998647734956051	1	1	1	1	1	1	0.993914807302231	1	1	0.99526707234618	1	1	1	1	1	1	1	1	1	1	1	1	1	0.996619337390128	1	1	1	1	1	1	1	1	1	1	1	1	1	1	1	1	1	1	1	1	1	1
"0.999348109517601"	1	1	0.999348109517601	0.998044328552803	0.998696219035202	1	1	1	1	1	1	0.994784876140808	1	1	0.995436766623207	1	1	1	1	1	1	1	1	1	1	1	1	1	0.996740547588005	1	1	1	1	1	1	1	1	1	1	1	1	1	1	1	1	1	1	1	1	1	1
"0.999347684279191"	1	1	0.999347684279191	0.998043052837573	0.998695368558382	1	1	1	1	1	1	0.994781474233529	1	1	0.995433789954338	1	1	1	1	1	1	1	1	1	1	1	1	1	0.996738421395956	1	1	1	1	1	1	1	1	1	1	1	1	1	1	1	1	1	1	1	1	1	1
"0.999397953040337"	1	1	0.999397953040337	0.998193859121011	0.998795906080674	1	1	1	1	1	1	0.995183624322697	1	1	0.99578567128236	1	1	1	1	1	1	1	1	1	1	1	1	1	0.996989765201686	1	1	1	1	1	1	1	1	1	1	1	1	1	1	1	1	1	1	1	1	1	1
"0.999394673123487"	1	1	0.999394673123487	0.99818401937046	0.998789346246973	1	1	1	1	1	1	0.995157384987893	1	1	0.99636803874092	1	1	1	1	1	1	1	1	1	1	1	1	1	0.996973365617433	1	1	1	1	1	1	1	1	1	1	1	1	1	1	1	1	1	1	1	1	1	1
"0.999412455934195"	1	1	0.999412455934195	0.998237367802585	0.99882491186839	1	1	1	1	1	1	0.99529964747356	1	1	0.99647473560517	1	1	1	1	1	1	1	1	1	1	1	1	1	0.997062279670975	1	1	1	1	1	1	1	1	1	1	1	1	1	1	1	1	1	1	1	1	1	1
"0.999446902654867"	1	1	0.999446902654867	0.998340707964602	0.998893805309734	1	1	1	1	1	1	0.995575221238938	1	1	0.996128318584071	1	1	1	1	1	1	1	1	1	1	1	1	1	0.997234513274336	1	1	1	1	1	1	1	1	1	1	1	1	1	1	1	1	1	1	1	1	1	1
"0.999452054794521"	1	1	0.999452054794521	0.998356164383562	0.998904109589041	1	1	1	1	1	1	0.995616438356164	1	1	0.996712328767123	1	1	1	1	1	1	1	1	1	1	1	1	1	0.997260273972603	1	1	1	1	1	1	1	1	1	1	1	1	1	1	1	1	1	1	1	1	1	1
"0.999444135630906"	1	1	0.999444135630906	0.998332406892718	0.998888271261812	1	1	1	1	1	1	0.995553085047248	1	1	0.996664813785436	1	1	1	1	1	1	1	1	1	1	1	1	1	0.99722067815453	1	1	1	1	1	1	1	1	1	1	1	1	1	1	1	1	1	1	1	1	1	1
"0.999493670886076"	1	1	0.999493670886076	0.998481012658228	0.998987341772152	1	1	1	1	1	1	0.996455696202532	1	1	0.996962025316456	1	1	1	1	1	1	1	1	1	1	1	1	1	0.99746835443038	1	1	1	1	1	1	1	1	1	1	1	1	1	1	1	1	1	1	1	1	1	1
"0.999457111834962"	1	1	0.999457111834962	0.998371335504886	0.998914223669924	1	1	1	1	1	1	0.996199782844734	1	1	0.996742671009772	1	1	1	1	1	1	1	1	1	1	1	1	1	0.99728555917481	1	1	1	1	1	1	1	1	1	1	1	1	1	1	1	1	1	1	1	1	1	1
"0.999550561797753"	1	1	0.999550561797753	0.998651685393258	0.999101123595506	1	1	1	1	1	1	0.997303370786517	1	1	0.99685393258427	1	1	1	1	1	1	1	1	1	1	1	1	1	0.997752808988764	1	1	1	1	1	1	1	1	1	1	1	1	1	1	1	1	1	1	1	1	1	1
"0.999485331960885"	1	1	0.999485331960885	0.998455995882656	0.99897066392177	1	1	1	1	1	1	0.996397323726197	1	1	0.996911991765311	1	1	1	1	1	1	1	1	1	1	1	1	1	0.997426659804426	1	1	1	1	1	1	1	1	1	1	1	1	1	1	1	1	1	1	1	1	1	1
"0.99951028403526"	1	1	0.99951028403526	0.998530852105779	0.999020568070519	1	1	1	1	1	1	0.997061704211557	1	1	0.996571988246817	1	1	1	1	1	1	1	1	1	1	1	1	1	0.997551420176298	1	1	1	1	1	1	1	1	1	1	1	1	1	1	1	1	1	1	1	1	1	1
"0.99951992318771"	1	1	0.99951992318771	0.99855976956313	0.99903984637542	1	1	1	1	1	1	0.99663946231397	1	1	0.99711953912626	1	1	1	1	1	1	1	1	1	1	1	1	1	0.99759961593855	1	1	1	1	1	1	1	1	1	1	1	1	1	1	1	1	1	1	1	1	1	1
"0.999538319482918"	1	1	0.999538319482918	0.998614958448753	0.999076638965836	1	1	1	1	1	1	0.997691597414589	1	1	0.996768236380425	1	1	1	1	1	1	1	1	1	1	1	1	1	0.997229916897507	1	1	1	1	1	1	1	1	1	1	1	1	1	1	1	1	1	1	1	1	1	1
"0.999552572706935"	1	1	0.999552572706935	0.998657718120805	0.99910514541387	1	1	1	1	1	1	0.997315436241611	1	1	0.996868008948546	1	1	1	1	1	1	1	1	1	1	1	1	1	0.997762863534676	1	1	1	1	1	1	1	1	1	1	1	1	1	1	1	1	1	1	1	1	1	1
"0.99954954954955"	1	1	0.99954954954955	0.998648648648649	0.999099099099099	1	1	1	1	1	1	0.997747747747748	1	1	0.996846846846847	1	1	1	1	1	1	1	1	1	1	1	1	1	0.997297297297297	1	1	1	1	1	1	1	1	1	1	1	1	1	1	1	1	1	1	1	1	1	1
"0.999583159649854"	1	1	0.999583159649854	0.998749478949562	0.999166319299708	1	1	1	1	1	1	0.997915798249271	1	1	0.997082117548979	1	1	1	1	1	1	1	1	1	1	1	1	1	0.997498957899125	1	1	1	1	1	1	1	1	1	1	1	1	1	1	1	1	1	1	1	1	1	1
"0.999589153656532"	1	1	0.999589153656532	0.998767460969597	0.999178307313065	1	1	1	1	1	1	0.997945768282662	1	1	0.997534921939195	1	1	1	1	1	1	1	1	1	1	1	1	1	0.997124075595727	1	1	1	1	1	1	1	1	1	1	1	1	1	1	1	1	1	1	1	1	1	1
"0.999607535321821"	1	1	0.999607535321821	0.998822605965463	0.999215070643642	1	1	1	1	1	1	0.998037676609105	1	1	0.997645211930926	1	1	1	1	1	1	1	1	1	1	1	1	1	0.997252747252747	1	1	1	1	1	1	1	1	1	1	1	1	1	1	1	1	1	1	1	1	1	1
"0.999641448547867"	1	1	0.999641448547867	0.999282897095733	0.9989243456436	1	1	1	1	1	1	0.998565794191467	1	1	0.9978486912872	1	1	1	1	1	1	1	1	1	1	1	1	1	0.997490139835066	1	1	1	1	1	1	1	1	1	1	1	1	1	1	1	1	1	1	1	1	1	1
"0.999651324965133"	1	1	0.999651324965133	0.998953974895398	0.999302649930265	1	1	1	1	1	1	0.998256624825662	1	1	0.997907949790795	1	1	1	1	1	1	1	1	1	1	1	1	1	0.997559274755927	1	1	1	1	1	1	1	1	1	1	1	1	1	1	1	1	1	1	1	1	1	1
"0.999709555620099"	1	1	0.999709555620099	0.999128666860296	0.999419111240198	1	1	1	1	1	1	0.998838222480395	1	1	0.998547778100494	1	1	1	1	1	1	1	1	1	1	1	1	1	0.997966889340691	1	1	1	1	1	1	1	1	1	1	1	1	1	1	1	1	1	1	1	1	1	1
"0.999730167296276"	1	1	0.999730167296276	0.999190501888829	0.999460334592553	1	1	1	1	1	1	0.998920669185105	1	1	0.998650836481382	1	1	1	1	1	1	1	1	1	1	1	1	1	0.998111171073934	1	1	1	1	1	1	1	1	1	1	1	1	1	1	1	1	1	1	1	1	1	1
"0.99976213130352"	1	1	0.99976213130352	0.999286393910561	0.999524262607041	1	1	1	1	1	1	0.999048525214082	1	1	0.998810656517602	1	1	1	1	1	1	1	1	1	1	1	1	1	0.998334919124643	1	1	1	1	1	1	1	1	1	1	1	1	1	1	1	1	1	1	1	1	1	1
"0.999798711755233"	1	1	0.999798711755233	0.9993961352657	0.999597423510467	1	1	1	1	1	1	0.999194847020934	1	1	0.998993558776167	1	1	1	1	1	1	1	1	1	1	1	1	1	0.998590982286634	1	1	1	1	1	1	1	1	1	1	1	1	1	1	1	1	1	1	1	1	1	1
"0.999806276636962"	1	1	0.999806276636962	0.999418829910887	0.999612553273925	1	1	1	1	1	1	0.99922510654785	1	1	0.999031383184812	1	1	1	1	1	1	1	1	1	1	1	1	1	0.998837659821775	1	1	1	1	1	1	1	1	1	1	1	1	1	1	1	1	1	1	1	1	1	1
"0.999811817839669"	1	1	0.999811817839669	0.999435453519006	0.999623635679338	1	1	1	1	1	1	0.999247271358675	1	1	0.999059089198344	1	1	1	1	1	1	1	1	1	1	1	1	1	0.998682724877682	1	1	1	1	1	1	1	1	1	1	1	1	1	1	1	1	1	1	1	1	1	1
"0.999820981023989"	1	1	0.999820981023989	0.999462943071966	0.999641962047977	1	1	1	1	1	1	0.999283924095954	1	1	0.99874686716792	1	1	1	1	1	1	1	1	1	1	1	1	1	0.999104905119943	1	1	1	1	1	1	1	1	1	1	1	1	1	1	1	1	1	1	1	1	1	1
"0.999820111530851"	1	1	0.999820111530851	0.999460334592553	0.999640223061702	1	1	1	1	1	1	0.999280446123403	1	1	0.998740780715956	1	1	1	1	1	1	1	1	1	1	1	1	1	0.999100557654254	1	1	1	1	1	1	1	1	1	1	1	1	1	1	1	1	1	1	1	1	1	1
"0.999826539462272"	1	1	0.999826539462272	0.999306157849089	0.999653078924545	1	1	1	1	1	1	0.999479618386817	1	1	0.998785776235906	1	1	1	1	1	1	1	1	1	1	1	1	1	0.999132697311362	1	1	1	1	1	1	1	1	1	1	1	1	1	1	1	1	1	1	1	1	1	1
"0.999829642248722"	1	1	0.999829642248722	0.999318568994889	0.999488926746167	1	1	1	1	1	1	0.999659284497445	1	1	0.998807495741056	1	1	1	1	1	1	1	1	1	1	1	1	1	0.999148211243612	1	1	1	1	1	1	1	1	1	1	1	1	1	1	1	1	1	1	1	1	1	1
"0.999827258593885"	1	1	0.999827258593885	0.99930903437554	0.999481775781655	1	1	1	1	1	1	0.99965451718777	1	1	0.998790810157195	1	1	1	1	1	1	1	1	1	1	1	1	1	0.999136292969425	1	1	1	1	1	1	1	1	1	1	1	1	1	1	1	1	1	1	1	1	1	1
"0.999825783972125"	1	1	0.999825783972125	0.999303135888502	0.999477351916376	1	1	1	1	1	1	0.999651567944251	1	1	0.998780487804878	1	1	1	1	1	1	1	1	1	1	1	1	1	0.999128919860627	1	1	1	1	1	1	1	1	1	1	1	1	1	1	1	1	1	1	1	1	1	1
"0.999660959484658"	1	1	0.999660959484658	0.999321918969317	0.999491439226988	1	1	1	1	1	1	0.999830479742329	1	1	0.998813358196304	1	1	1	1	1	1	1	1	1	1	1	1	1	0.999152398711646	1	1	1	1	1	1	1	1	1	1	1	1	1	1	1	1	1	1	1	1	1	1
"0.99965367965368"	1	1	0.99965367965368	0.999307359307359	0.99948051948052	1	1	1	1	1	1	0.99982683982684	1	1	0.998787878787879	1	1	1	1	1	1	1	1	1	1	1	1	1	0.999134199134199	1	1	1	1	1	1	1	1	1	1	1	1	1	1	1	1	1	1	1	1	1	1
"0.999644128113879"	1	1	0.999644128113879	0.999466192170819	0.999288256227758	1	1	1	1	1	1	0.99982206405694	1	1	0.998576512455516	1	1	1	1	1	1	1	1	1	1	1	1	1	0.999110320284697	1	1	1	1	1	1	1	1	1	1	1	1	1	1	1	1	1	1	1	1	1	1
"0.99964317573595"	1	1	0.99964317573595	0.999464763603925	0.9992863514719	1	1	1	1	1	1	0.999821587867975	1	1	0.998394290811775	1	1	1	1	1	1	1	1	1	1	1	1	1	0.999107939339875	1	1	1	1	1	1	1	1	1	1	1	1	1	1	1	1	1	1	1	1	1	1
"0.999632014719411"	1	1	0.999632014719411	0.999448022079117	0.999264029438822	1	1	1	1	1	1	0.999816007359706	1	1	0.998344066237351	1	1	1	1	1	1	1	1	1	1	1	1	1	0.999080036798528	1	1	1	1	1	1	1	1	1	1	1	1	1	1	1	1	1	1	1	1	1	1
"0.99943095599393"	1	1	0.99943095599393	0.999620637329287	0.999241274658574	1	1	1	1	1	1	0.999810318664643	1	1	0.998292867981791	1	1	1	1	1	1	1	1	1	1	1	1	1	0.999051593323217	1	1	1	1	1	1	1	1	1	1	1	1	1	1	1	1	1	1	1	1	1	1
"0.999428462564298"	1	1	0.999428462564298	0.999618975042865	0.999237950085731	1	1	1	1	1	1	0.999809487521433	1	1	0.998285387692894	1	1	1	1	1	1	1	1	1	1	1	1	1	0.998856925128596	1	1	1	1	1	1	1	1	1	1	1	1	1	1	1	1	1	1	1	1	1	1
"0.999396742409009"	1	1	0.999396742409009	0.999597828272672	0.999195656545345	1	1	1	1	1	1	0.999798914136336	1	1	0.998190227227026	1	1	1	1	1	1	1	1	1	1	1	1	1	0.998793484818017	1	1	1	1	1	1	1	1	1	1	1	1	1	1	1	1	1	1	1	1	1	1
"0.999411880023525"	1	1	0.999411880023525	0.999607920015683	0.999215840031366	1	1	1	1	1	1	0.999803960007842	1	1	0.998235640070574	1	1	1	1	1	1	1	1	1	1	1	1	1	0.99882376004705	1	1	1	1	1	1	1	1	1	1	1	1	1	1	1	1	1	1	1	1	1	1
"0.999382080329557"	1	1	0.999382080329557	0.999588053553038	0.999176107106076	1	1	1	1	1	1	0.999794026776519	1	1	0.998146240988671	1	1	1	1	1	1	1	1	1	1	1	1	1	0.998764160659114	1	1	1	1	1	1	1	1	1	1	1	1	1	1	1	1	1	1	1	1	1	1
"0.999396621078037"	1	1	0.999396621078037	0.999597747385358	0.999195494770716	1	1	1	1	1	1	0.999798873692679	1	1	0.99798873692679	1	1	1	1	1	1	1	1	1	1	1	1	1	0.998592115848753	1	1	1	1	1	1	1	1	1	1	1	1	1	1	1	1	1	1	1	1	1	1
"0.999386377582328"	1	1	0.999386377582328	0.999590918388218	0.999181836776437	1	1	1	1	1	1	0.999795459194109	1	1	0.997954591941092	1	1	1	1	1	1	1	1	1	1	1	1	1	0.998772755164655	1	1	1	1	1	1	1	1	1	1	1	1	1	1	1	1	1	1	1	1	1	1
"0.999382207578254"	1	1	0.999382207578254	0.999588138385502	0.999176276771005	1	1	1	1	1	1	0.999794069192751	1	1	0.997734761120264	1	1	1	1	1	1	1	1	1	1	1	1	1	0.998764415156507	1	1	1	1	1	1	1	1	1	1	1	1	1	1	1	1	1	1	1	1	1	1
"0.999391110209052"	1	1	0.999391110209052	0.999594073472701	0.999188146945403	1	1	1	1	1	1	0.999797036736351	1	1	0.997564440836209	1	1	1	1	1	1	1	1	1	1	1	1	1	0.998782220418104	1	1	1	1	1	1	1	1	1	1	1	1	1	1	1	1	1	1	1	1	1	1
"0.999399038461538"	1	1	0.999399038461538	0.999599358974359	0.999198717948718	1	1	1	1	1	1	0.99979967948718	1	1	0.997596153846154	1	1	1	1	1	1	1	1	1	1	1	1	1	0.998798076923077	1	1	1	1	1	1	1	1	1	1	1	1	1	1	1	1	1	1	1	1	1	1
"0.999394061805696"	1	1	0.999394061805696	0.999596041203797	0.999192082407594	1	1	1	1	1	1	0.999798020601899	1	1	0.997576247222783	1	1	1	1	1	1	1	1	1	1	1	1	1	0.998788123611392	1	1	1	1	1	1	1	1	1	1	1	1	1	1	1	1	1	1	1	1	1	1
"0.999402747362134"	1	1	0.999402747362134	0.999800915787378	0.999203663149512	1	1	1	1	1	1	0.999601831574756	1	1	0.997610989448537	1	1	1	1	1	1	1	1	1	1	1	1	1	0.998805494724268	1	1	1	1	1	1	1	1	1	1	1	1	1	1	1	1	1	1	1	1	1	1
"0.999410145497444"	1	1	0.999410145497444	0.999803381832481	0.999213527329925	1	1	1	1	1	1	0.999606763664963	1	1	0.997640581989776	1	1	1	1	1	1	1	1	1	1	1	1	1	0.998820290994888	1	1	1	1	1	1	1	1	1	1	1	1	1	1	1	1	1	1	1	1	1	1
"0.999442379182156"	1	1	0.999442379182156	0.999814126394052	0.999256505576208	1	1	1	1	1	1	0.999628252788104	1	1	0.997955390334572	1	1	1	1	1	1	1	1	1	1	1	1	1	0.998698884758364	1	1	1	1	1	1	1	1	1	1	1	1	1	1	1	1	1	1	1	1	1	1
"0.999440715883669"	1	1	0.999440715883669	0.999813571961223	0.999254287844892	1	1	1	1	1	1	0.999627143922446	1	1	0.997576435495899	1	1	1	1	1	1	1	1	1	1	1	1	1	0.998695003728561	1	1	1	1	1	1	1	1	1	1	1	1	1	1	1	1	1	1	1	1	1	1
"0.999428135722455"	1	1	0.999428135722455	0.999809378574152	0.999237514296607	1	1	1	1	1	1	0.999618757148304	1	1	0.997521921463973	1	1	1	1	1	1	1	1	1	1	1	1	1	0.998665650019062	1	1	1	1	1	1	1	1	1	1	1	1	1	1	1	1	1	1	1	1	1	1
"0.999427917620137"	1	1	0.999427917620137	0.999809305873379	0.999237223493516	1	1	1	1	1	1	0.999618611746758	1	1	0.997330282227307	1	1	1	1	1	1	1	1	1	1	1	1	1	0.998665141113654	1	1	1	1	1	1	1	1	1	1	1	1	1	1	1	1	1	1	1	1	1	1
"0.999472573839662"	1	1	0.999472573839662	0.999824191279888	0.99929676511955	1	1	1	1	1	1	0.999648382559775	1	1	0.997538677918425	1	1	1	1	1	1	1	1	1	1	1	1	1	0.998417721518987	1	1	1	1	1	1	1	1	1	1	1	1	1	1	1	1	1	1	1	1	1	1
"0.999508679986898"	1	1	0.999508679986898	0.999836226662299	0.999344906649198	1	1	1	1	1	1	0.999672453324599	1	1	0.997707173272191	1	1	1	1	1	1	1	1	1	1	1	1	1	0.998526039960694	1	1	1	1	1	1	1	1	1	1	1	1	1	1	1	1	1	1	1	1	1	1
"0.99950314673733"	1	1	0.99950314673733	0.999834382245777	0.999337528983107	1	1	1	1	1	1	0.999668764491554	1	1	0.997846969195098	1	1	1	1	1	1	1	1	1	1	1	1	1	0.998509440211991	1	1	1	1	1	1	1	1	1	1	1	1	1	1	1	1	1	1	1	1	1	1
"0.999504868790229"	1	1	0.999504868790229	0.99983495626341	0.999339825053639	1	1	1	1	1	1	0.99966991252682	1	1	0.997689387687737	1	1	1	1	1	1	1	1	1	1	1	1	1	0.998514606370688	1	1	1	1	1	1	1	1	1	1	1	1	1	1	1	1	1	1	1	1	1	1
"0.999509081983309"	1	1	0.999509081983309	0.999836360661103	0.999181803305515	1	1	1	1	1	1	0.999672721322206	1	1	0.997872688594338	1	1	1	1	1	1	1	1	1	1	1	1	1	0.998527245949926	1	1	1	1	1	1	1	1	1	1	1	1	1	1	1	1	1	1	1	1	1	1
"0.999517063747585"	1	1	0.999517063747585	0.999839021249195	0.999034127495171	1	1	1	1	1	1	0.99967804249839	1	1	0.997746297488731	1	1	1	1	1	1	1	1	1	1	1	1	1	0.998551191242756	1	1	1	1	1	1	1	1	1	1	1	1	1	1	1	1	1	1	1	1	1	1
"0.999530295913574"	1	1	0.999530295913574	0.999843431971192	0.999060591827149	1	1	1	1	1	1	0.999686863942383	1	1	0.998121183654298	1	1	1	1	1	1	1	1	1	1	1	1	1	0.998590887740723	1	1	1	1	1	1	1	1	1	1	1	1	1	1	1	1	1	1	1	1	1	1
"0.999383667180277"	1	1	0.999383667180277	0.999691833590139	0.999075500770416	1	1	1	1	1	1	0.999845916795069	1	1	0.997996918335901	1	1	1	1	1	1	1	1	1	1	1	1	1	0.998613251155624	1	1	1	1	1	1	1	1	1	1	1	1	1	1	1	1	1	1	1	1	1	1
"0.999394856278366"	1	1	0.999394856278366	0.999697428139183	0.999092284417549	1	1	1	1	1	1	0.999546142208775	1	1	0.99803328290469	1	1	1	1	1	1	1	1	1	1	1	1	1	0.998487140695915	1	1	1	1	1	1	1	1	1	1	1	1	1	1	1	1	1	1	1	1	1	1
"0.99925606308585"	1	1	0.99925606308585	0.99955363785151	0.99910727570302	1	1	1	1	1	1	0.99940485046868	1	1	0.998065764023211	1	1	1	1	1	1	1	1	1	1	1	1	1	0.998363338788871	1	1	1	1	1	1	1	1	1	1	1	1	1	1	1	1	1	1	1	1	1	1
"0.999274099883856"	1	1	0.999274099883856	0.999709639953542	0.999128919860627	1	1	1	1	1	1	0.999564459930314	1	1	0.998257839721254	1	1	1	1	1	1	1	1	1	1	1	1	1	0.998403019744483	1	1	1	1	1	1	1	1	1	1	1	1	1	1	1	1	1	1	1	1	1	1
"0.999286733238231"	1	1	0.999286733238231	0.999714693295292	0.999144079885877	1	1	1	1	1	1	0.999429386590585	1	1	0.998288159771755	1	1	1	1	1	1	1	1	1	1	1	1	1	0.998430813124108	1	1	1	1	1	1	1	1	1	1	1	1	1	1	1	1	1	1	1	1	1	1
"0.999288154897494"	1	1	0.999288154897494	0.999572892938497	0.999145785876993	1	1	1	1	1	1	0.999430523917995	1	1	0.998291571753986	1	1	1	1	1	1	1	1	1	1	1	1	1	0.998433940774487	1	1	1	1	1	1	1	1	1	1	1	1	1	1	1	1	1	1	1	1	1	1
"0.999444058373871"	1	1	0.999444058373871	0.999583043780403	0.999027102154274	1	1	1	1	1	1	0.999305072967338	1	1	0.99819318971508	1	1	1	1	1	1	1	1	1	1	1	1	1	0.998471160528145	1	1	1	1	1	1	1	1	1	1	1	1	1	1	1	1	1	1	1	1	1	1
"0.999454595036815"	1	1	0.999454595036815	0.999590946277611	0.999045541314426	1	1	1	1	1	1	0.999318243796019	1	1	0.998363785110445	1	1	1	1	1	1	1	0.710799018271066	1	1	1	1	1	0.998227433869648	1	1	1	1	1	1	1	1	1	1	1	1	1	1	1	1	1	1	1	1	1	1
"0.999601275917065"	1	1	0.999601275917065	0.999468367889421	0.999069643806486	1	1	1	1	1	0.761031366294524	0.999335459861776	1	1	0.998405103668262	1	1	1	1	1	1	1	1	1	1	1	1	1	0.998272195640617	1	1	1	1	1	1	1	1	1	1	1	1	1	1	1	1	1	1	1	1	1	1
"0.999604221635884"	1	1	0.999604221635884	0.999472295514512	0.999076517150396	1	1	1	1	1	1	0.99934036939314	1	1	0.998284960422164	1	1	1	1	1	1	1	1	1	1	1	1	1	0.998021108179419	1	1	1	1	1	1	1	1	1	1	1	1	1	1	1	1	1	1	1	1	1	1
"0.999738971547899"	1	1	0.999738971547899	0.999477943095797	0.999086400417646	1	1	1	1	1	1	0.999347428869747	1	1	0.998303315061342	1	1	1	1	1	1	1	1	1	1	1	1	1	0.99791177238319	1	1	1	1	1	1	1	1	1	1	1	1	1	1	1	1	1	1	1	1	1	1
"0.999743622612486"	1	1	0.999743622612486	0.999487245224971	0.9991026791437	1	1	1	1	1	1	0.999359056531214	1	1	0.998589924368671	1	1	1	1	1	1	1	1	1	1	1	1	1	0.997820792206127	1	1	1	1	1	1	1	1	1	1	1	1	1	1	1	1	1	1	1	1	1	1
"0.999734501526616"	1	1	0.999734501526616	0.999469003053232	0.999203504579849	1	1	1	1	1	1	0.999336253816541	1	1	0.998539758396389	1	1	1	1	1	1	1	1	1	1	1	1	1	0.997345015266162	1	1	1	1	1	1	1	1	1	1	1	1	1	1	1	1	1	1	1	1	1	1
"0.999474651956921"	1	1	0.999474651956921	0.999605988967691	0.999211977935382	1	1	1	1	1	1	0.999343314946152	0.731809824008406	1	0.998029944838456	1	1	1	1	1	1	1	1	1	1	1	1	1	0.997373259784607	1	1	1	1	1	1	1	1	1	1	1	1	1	1	1	1	1	1	0.677830312582086	1	1	1
"0.99949018608208"	1	1	0.99949018608208	0.99961763956156	0.99923527912312	1	1	1	1	1	1	0.9993627326026	1	1	0.9980881978078	1	1	1	1	1	1	1	1	1	1	1	1	1	0.9974509304104	1	1	1	1	1	1	1	1	1	1	1	1	1	1	1	1	1	1	1	1	1	1
"0.999633833760527"	1	1	0.999633833760527	0.99951177834737	0.999267667521055	1	1	1	1	1	1	0.999389722934212	1	1	0.998047113389479	1	1	1	1	1	1	1	1	1	1	1	1	1	0.997558891736849	1	1	1	1	1	1	1	1	1	1	1	1	1	1	1	1	1	1	1	1	1	1
"0.99954059951763"	1	1	0.99954059951763	0.999655449638222	0.999310899276444	1	1	1	1	1	1	0.999425749397037	1	1	0.998277248191111	1	1	1	1	1	1	1	1	1	1	1	1	1	0.99781784770874	1	1	1	1	1	1	1	1	1	1	1	1	1	1	1	1	1	1	1	1	1	1
"0.999571871989725"	1	1	0.999571871989725	0.999785935994862	0.999250775982019	1	1	1	1	1	1	0.999464839987156	1	1	0.9982874879589	1	1	1	1	1	1	1	1	1	1	1	1	1	0.997752327946056	1	1	1	1	1	1	1	1	1	1	1	1	1	1	1	1	1	1	1	1	1	1
"0.999584631360332"	1	1	0.999584631360332	0.999792315680166	0.999273104880582	1	1	1	1	1	1	0.999480789200415	1	1	0.998442367601246	1	1	1	1	1	1	1	1	1	1	0.704257528556594	1	1	0.997715472481828	1	1	1	1	1	1	1	1	1	1	1	1	1	1	1	1	1	1	1	1	1	1
"0.999482240861551"	1	1	0.999482240861551	0.999689344516931	0.999068033550792	1	1	1	1	1	1	0.999378689033861	1	1	0.998757378067723	1	1	1	1	1	1	1	1	1	1	1	1	1	0.997618307963136	1	1	1	1	1	1	1	1	1	1	1	1	1	1	1	1	1	1	1	1	1	1
"0.999387817569636"	1	1	0.999387817569636	0.999591878379757	0.999081726354454	1	1	1	1	1	1	0.999285787164575	1	1	0.998775635139271	1	1	1	0.720742781348842	1	1	1	1	1	1	1	1	1	0.997653300683604	1	1	1	1	1	1	1	1	1	1	1	1	1	1	1	1	1	1	1	1	1	1
"0.999413833528722"	1	1	0.999413833528722	0.999511527940602	0.999023055881204	1	1	1	1	1	1	0.999316139116842	1	1	0.998827667057444	1	1	1	1	1	1	1	1	1	1	1	1	1	0.997753028526768	1	1	1	1	1	1	1	1	1	1	1	1	1	1	1	1	1	1	1	1	1	1
"0.999339622641509"	1	1	0.999339622641509	0.999622641509434	0.999056603773585	1	1	1	1	1	1	0.999433962264151	1	1	0.998867924528302	1	1	1	1	1	1	1	1	1	1	1	1	1	0.997641509433962	1	1	1	1	1	1	1	1	1	1	1	1	1	1	1	1	1	1	1	1	1	1
"0.999449642267474"	1	1	0.999449642267474	0.999541368556228	0.998991010823702	1	1	1	1	1	1	0.999357915978719	1	1	0.998899284534948	1	1	1	1	1	1	1	1	1	1	1	1	1	0.997615116492387	1	1	1	1	1	1	1	1	1	1	1	1	1	1	1	1	1	1	1	1	1	1
"0.999469871001944"	1	1	0.999469871001944	0.999558225834953	0.998939742003888	1	1	1	1	1	1	0.999381516168934	1	1	0.999116451669906	1	1	1	1	1	1	0.712493373387524	1	1	1	1	1	1	0.997702774341756	1	1	1	1	1	1	1	1	1	1	1	1	1	1	1	1	1	1	1	1	1	1
"0.999389339614412"	1	1	0.999389339614412	0.999563814010294	0.998865916426764	1	1	1	1	1	1	0.99930210241647	1	1	0.999127628020588	1	1	1	1	1	1	1	1	1	1	1	1	1	0.997644595655587	1	1	1	1	1	1	0.69013347291285	1	1	1	0.686469510599319	1	1	1	1	1	1	1	1	1	1	1
"0.999414372960763"	1	1	0.999414372960763	0.999581694971974	0.998912406927131	1	1	1	1	1	1	0.999330711955158	1	0.731615494018238	0.999079728938342	1	1	0.721408851334393	1	1	1	1	1	1	1	1	1	1	0.997657491843052	1	1	1	1	1	1	1	1	1	1	1	1	1	1	0.683928720823224	1	1	1	1	1	1	1
"0.999341780483791"	1	1	0.999341780483791	0.99958861280237	0.998848115846635	1	1	1	1	1	1	0.999259503044265	1	1	0.999177225604739	1	0.724452855027152	1	1	1	1	1	1	1	1	1	1	1	0.997613954253744	1	1	1	1	1	1	1	1	1	1	1	1	1	1	1	1	1	1	1	1	1	1
"0.999343293383681"	1	1	0.999343293383681	0.999425381710721	0.998768675094402	1	1	1	1	1	1	0.999261205056641	1	1	0.999097028402561	1	1	1	1	1	1	1	1	1	1	1	1	1	0.997455261861763	1	1	1	1	1	1	1	1	1	1	1	1	1	1	1	1	1	1	1	1	1	1
"0.999350649350649"	1	1	0.999350649350649	0.999512987012987	0.998782467532468	1	1	1	1	1	1	0.999269480519481	1	1	0.999107142857143	1	1	1	1	1	1	1	1	1	1	1	1	1	0.997483766233766	1	1	1	1	1	1	1	1	1	1	1	1	1	1	1	1	1	1	1	1	1	1
"0.999253731343284"	1	1	0.999253731343284	0.999502487562189	0.998673300165837	1	1	1	1	1	1	0.999170812603648	1	1	0.999087893864013	1	1	1	1	1	1	1	1	1	1	1	1	0.700829187396352	0.99726368159204	1	1	1	1	1	1	1	1	1	1	1	1	1	1	1	1	1	1	1	1	1	1
"0.999342483767568"	1	1	0.999342483767568	0.999424673296622	0.998684967535136	1	1	1	1	1	1	0.999260294238514	1	1	0.99917810470946	1	1	1	1	1	1	1	1	1	1	1	1	1	0.997287745541218	1	1	1	1	1	1	1	1	1	1	1	1	1	1	1	1	1	1	1	1	1	1
"0.999279942395392"	1	1	0.999279942395392	0.999439955196416	0.998719897591807	1	1	1	1	1	1	0.999359948795904	1	1	0.99919993599488	1	1	1	1	1	1	1	1	1	1	1	1	1	0.997279782382591	1	1	1	1	1	1	1	1	1	1	1	1	1	1	1	1	1	1	1	1	1	1
"0.999219542651994"	1	1	0.999219542651994	0.999453679856396	0.998829313977991	1	1	1	1	1	1	0.999297588386795	1	1	0.999063451182393	1	1	1	1	1	1	1	1	1	1	1	1	1	0.99734644501678	1	1	1	1	1	1	1	1	1	1	1	1	1	1	1	1	0.681729493483181	1	1	1	1	1
"0.999169873971776"	1	1	0.999169873971776	0.999396271979473	0.998868009961512	1	1	1	1	1	1	0.999245339974342	1	1	0.99909440796921	1	1	1	1	1	1	1	1	1	1	1	1	1	0.997358689910195	1	1	1	1	1	1	1	1	1	1	1	1	1	1	1	1	1	1	1	1	1	1
"0.999206921413122"	1	1	0.999206921413122	0.999351117519827	0.998846431146359	1	1	1	1	1	1	0.999279019466474	1	1	0.999134823359769	1	1	1	1	1	1	1	1	1	1	1	1	1	0.997332372025955	1	1	1	1	1	1	1	1	1	1	1	1	1	1	1	1	1	1	1	1	1	1
"0.99917452018986"	0.983421613813029	0.91930934855885	0.99917452018986	0.999380890142395	0.998968150237325	1	1	1	1	1	1	0.999312100158217	1	1	0.999243310174039	1	1	1	1	1	1	1	1	1	1	1	1	1	0.997523560569581	1	0.697599229552177	1	1	1	1	1	1	1	1	1	1	1	1	1	1	1	1	1	0.67682465433033	1	1
"0.999212029680215"	1	1	0.999212029680215	0.999474686453477	0.998949372906954	1	1	1	1	1	1	0.9991463654869	1	1	0.999343358066846	1	1	1	1	0.714886072624598	1	1	1	1	1	1	1	1	0.997504760654015	1	1	1	1	1	1	1	1	1	1	1	1	1	1	1	1	1	1	1	1	1	1
"0.999353211305866"	1	1	0.999353211305866	0.999547247914106	0.998771101481146	1	1	1	1	1	1	0.999159174697626	1	1	0.99941789017528	1	1	1	1	1	1	1	1	1	1	1	1	1	0.997542202962292	1	1	1	1	1	1	1	1	1	1	1	1	1	1	1	1	1	1	1	1	0.675958864239053	1
"0.999102736653208"	1	1	0.999102736653208	0.999423187848491	0.998718195218868	1	1	1	1	1	1	0.998910465936038	1	1	0.999295007370377	1	1	1	1	1	1	1	1	1	1	1	1	1	0.997244119720567	1	1	1	1	1	1	1	1	1	1	1	1	1	1	1	1	1	1	1	1	1	1
"0.998986892927246"	1	1	0.998986892927246	0.999113531311341	0.998860254543152	1	1	1	1	1	1	0.998923573735199	1	1	0.999240169695435	1	1	1	1	1	1	1	1	1	1	1	1	1	0.997277274741974	1	1	1	1	1	1	1	1	1	1	1	1	1	1	1	1	1	1	1	1	1	1
"0.999047619047619"	1	1	0.999047619047619	0.999111111111111	0.998793650793651	1	1	1	1	1	1	0.998666666666667	1	1	0.999301587301587	0.88615873015873	1	1	1	1	1	1	1	1	1	1	1	1	0.997269841269841	1	1	1	1	1	1	1	1	1	1	1	1	1	1	1	1	1	1	1	1	1	1
"0.999174707973591"	1	1	0.999174707973591	0.998920771965465	0.99873031995937	1	1	1	1	1	1	0.998603351955307	1	1	0.999238191975622	0.838369730827831	1	1	1	1	1	1	1	1	0.705815134586084	1	1	1	0.997206703910615	1	1	1	1	1	1	1	1	1	1	1	1	1	1	1	1	1	1	1	1	1	1
"0.999055891238671"	1	1	0.999055891238671	0.998930010070493	0.998867069486405	1	1	1	1	1	1	0.998552366565962	1	1	0.999244712990937	1	1	1	1	1	1	1	1	1	1	1	1	1	0.997293554884189	1	1	1	1	1	1	1	1	1	1	1	1	0.684604733131923	1	1	1	1	1	1	1	1	1
"0.999071552364447"	1	1	0.999071552364447	0.998947759346373	0.998823966328299	1	1	1	1	1	1	0.998576380292152	1	1	0.999257241891557	1	1	1	1	1	1	1	1	1	1	1	1	1	0.996967071057192	1	1	1	1	1	1	1	1	1	1	1	1	1	1	1	1	1	1	1	1	1	1
"0.999095949855352"	1	1	0.999095949855352	0.998915139826422	0.999156219864995	1	1	1	1	1	1	0.998613789778206	1	1	0.999337029893925	1	1	1	1	1	1	1	1	0.708473963355834	1	1	1	1	0.997107039537126	1	1	1	1	1	1	1	1	1	1	1	1	1	1	1	1	1	1	1	1	1	1
"0.99911431270666"	1	1	0.99911431270666	0.998878129428436	0.999173358526216	1	1	1	1	1	1	0.998464808691545	1	1	0.999527633443552	1	1	1	1	1	1	1	1	1	1	1	1	1	0.997047709022201	1	1	1	1	1	1	1	1	1	1	1	1	1	1	1	1	1	1	1	1	1	1
"0.99920688873782"	1	1	0.99920688873782	0.998980285520054	0.999376841151144	1	1	1	1	1	1	0.998357126671199	1	1	0.999546793564469	1	1	1	1	1	1	1	1	1	1	1	1	1	0.997110808973487	1	1	1	1	1	1	1	1	1	1	1	1	1	0.684058463630184	1	1	1	1	1	1	1	1
"0.999220706930142"	1	1	0.999220706930142	0.998942387976621	0.999443362092958	1	1	1	1	1	1	0.998330086278876	1	1	0.999554689674367	1	1	1	1	1	1	1	1	1	1	1	1	1	0.996938491511272	1	1	1	1	0.691733927080434	1	1	1	1	1	1	1	1	1	1	1	1	1	1	1	1	1
"0.999059578469879"	1	1	0.999059578469879	0.999004259556342	0.999391491951098	1	1	1	1	1	1	0.998119156939758	1	1	0.999612767605244	1	1	1	1	1	1	1	1	1	1	1	1	1	0.996791503014881	1	1	1	1	1	1	1	1	1	1	1	1	1	1	1	0.6829673065221	1	1	1	1	1	1
"0.999077140220401"	1	1	0.999077140220401	0.999022854351012	0.99940285543673	1	1	1	1	1	1	0.998099994571413	1	1	0.999619998914283	1	1	1	1	1	1	1	1	1	1	1	1	1	0.996905705444873	1	1	1	1	1	1	1	1	1	1	1	1	1	1	1	1	1	0.680527658650453	1	1	1	1
"0.999043367346939"	1	1	0.999043367346939	0.999096513605442	0.999574829931973	1	1	1	1	1	1	0.998086734693878	1	1	0.999521683673469	1	1	1	1	1	1	1	1	1	1	1	1	1	0.99702380952381	1	1	1	1	1	1	1	1	1	1	1	1	1	1	1	1	1	1	1	1	1	1
"0.99906103286385"	1	1	0.99906103286385	0.999113197704747	0.99942618675013	1	1	1	1	1	1	0.998069900886802	1	1	0.999530516431925	1	1	1	1	1	1	1	1	1	1	1	0.701930099113198	1	0.997078768909755	1	1	1	1	1	1	1	1	0.688523735002608	1	1	1	1	1	1	1	1	1	1	1	1	1
"0.999051754254629"	1	1	0.999051754254629	0.999201477267056	0.99950092329191	1	1	1	1	1	1	0.997654339471977	1	1	0.999451015621101	1	1	1	1	1	1	1	1	1	1	1	1	1	0.99700553975146	0.698358037630384	1	1	1	1	1	1	1	1	1	1	1	1	1	1	1	1	1	1	1	1	1
"0.999075020690327"	1	1	0.999075020690327	0.999269753176574	0.999610535027506	1	1	1	1	1	1	0.997711893286597	1	1	0.999367119419697	1	1	1	1	1	1	1	1	1	1	1	1	1	0.996981646463171	1	1	1	1	1	1	1	1	1	1	1	1	1	1	1	1	1	1	1	1	1	1
"0.999021047479197"	1	1	0.999021047479197	0.999167890357318	0.999608418991679	1	1	0.788986784140969	1	1	1	0.997601566324033	1	1	0.999363680861478	1	1	1	1	1	0.713803230543319	1	1	1	1	1	1	1	0.996916299559471	1	1	1	1	1	1	1	1	1	1	1	1	1	1	1	1	1	1	1	1	1	1
"0.998660049627792"	1	1	0.998660049627792	0.999106699751861	0.999751861042184	1	1	1	1	1	1	0.99727047146402	1	1	0.999255583126551	1	1	1	1	1	1	1	1	1	1	1	1	1	0.996873449131514	1	1	1	1	1	1	1	1	1	0.867245657568238	1	0.913300248138958	1	1	1	1	1	1	1	1	1	1
"0.99868574028206"	1	1	0.99868574028206	0.99903957943689	0.99974725774655	1	1	1	1	1	1	0.997270383662741	1	1	0.9989890309862	1	1	1	1	1	1	1	1	1	1	1	1	1	0.996815447606531	1	1	1	0.692564322903503	1	1	1	1	1	0.953141586210383	1	0.92619926199262	1	1	1	1	1	1	1	1	1	1
"0.99861673241457"	1	1	0.99861673241457	0.999129053742507	0.999846303601619	0.891900199805318	1	1	1	1	1	0.996823607766791	1	1	0.998872893078539	1	1	1	1	1	1	1	1	1	1	1	1	1	0.996874839899585	1	1	1	1	1	0.814129822224499	1	1	1	0.935293816281572	1	0.929504585275885	1	1	1	1	1	1	1	1	1	1
"0.998555211558308"	1	1	0.998555211558308	0.999277605779154	0.999742002063983	0.955108359133127	0.806707946336429	1	0.775902992776058	0.76186790505676	1	0.996852425180599	1	1	0.998968008255934	1	1	1	1	1	1	1	1	1	1	1	1	1	0.996800825593395	1	1	0.693859649122807	1	1	0.87750257997936	1	0.688957688338493	1	0.931785345717234	1	0.91640866873065	1	1	1	1	1	1	1	1	1	0.675748194014448
