year	num.g.names	num.b.names	g.start.a	g.start.b	g.start.c	g.start.d	g.start.e	g.start.f	g.start.g	g.start.h	g.start.i	g.start.j	g.start.k	g.start.l	g.start.m	g.start.n	g.start.o	g.start.p	g.start.q	g.start.r	g.start.s	g.start.t	g.start.u	g.start.v	g.start.w	g.start.x	g.start.y	g.start.z	b.start.a	b.start.b	b.start.c	b.start.d	b.start.e	b.start.f	b.start.g	b.start.h	b.start.i	b.start.j	b.start.k	b.start.l	b.start.m	b.start.n	b.start.o	b.start.p	b.start.q	b.start.r	b.start.s	b.start.t	b.start.u	b.start.v	b.start.w	b.start.x	b.start.y	b.start.z	g.end.a	g.end.b	g.end.c	g.end.d	g.end.e	g.end.f	g.end.g	g.end.h	g.end.i	g.end.j	g.end.k	g.end.l	g.end.m	g.end.n	g.end.o	g.end.p	g.end.q	g.end.r	g.end.s	g.end.t	g.end.u	g.end.v	g.end.w	g.end.x	g.end.y	g.end.z	b.end.a	b.end.b	b.end.c	b.end.d	b.end.e	b.end.f	b.end.g	b.end.h	b.end.i	b.end.j	b.end.k	b.end.l	b.end.m	b.end.n	b.end.o	b.end.p	b.end.q	b.end.r	b.end.s	b.end.t	b.end.u	b.end.v	b.end.w	b.end.x	b.end.y	b.end.z
1880	942	1058	89	32	72	42	90	25	26	28	29	42	14	111	107	26	27	26	2	38	35	27	2	25	13	0	1	13	101	61	79	44	85	34	39	70	22	58	8	65	77	25	39	35	1	51	52	33	4	13	55	0	3	4	419	0	0	8	325	0	1	26	3	0	1	24	2	30	3	0	0	17	21	12	2	0	0	0	47	1	31	7	7	85	165	7	8	34	4	0	20	74	28	193	32	4	0	72	104	64	3	1	7	4	101	3
1881	938	997	93	35	68	40	88	26	28	26	27	47	16	103	102	30	26	24	2	37	37	26	2	26	13	0	0	16	95	58	77	42	83	31	42	59	18	54	7	67	72	21	37	38	1	47	44	26	4	13	56	0	3	2	405	0	0	9	336	0	1	26	3	0	2	30	2	29	5	0	0	11	18	10	2	0	1	0	47	1	27	6	8	76	148	5	12	33	3	0	17	68	26	185	29	6	0	72	98	68	2	1	6	5	95	1
1882	1028	1099	96	41	81	48	91	31	27	33	29	52	16	107	104	30	30	30	2	43	38	29	3	34	15	0	0	18	103	66	71	46	93	36	44	64	20	58	8	85	80	24	39	35	1	57	53	35	4	16	56	0	2	3	450	0	1	8	355	0	1	33	3	0	1	31	4	30	3	0	0	13	21	14	2	0	0	0	57	1	28	7	7	88	183	8	9	37	3	0	18	77	28	194	34	4	0	74	103	69	1	1	8	5	110	3
1883	1054	1030	107	41	78	49	96	28	31	28	30	46	14	116	117	33	35	35	2	48	35	26	2	28	14	0	0	15	99	65	77	44	84	34	38	60	22	55	5	73	81	21	40	30	1	50	46	33	3	12	52	0	1	4	451	0	1	11	379	0	1	30	2	0	1	28	4	31	4	0	0	18	20	15	2	0	0	1	54	1	29	5	7	85	163	7	9	31	2	0	17	79	29	183	29	6	0	68	102	64	2	1	9	5	97	1
1884	1172	1125	115	46	84	57	104	34	36	35	27	50	17	124	120	35	38	34	2	55	48	35	3	39	15	0	1	18	100	74	81	43	94	36	50	60	24	65	6	76	72	25	49	35	1	54	54	40	2	16	62	0	2	4	511	0	0	11	409	0	2	37	2	0	1	34	2	34	6	0	0	17	23	14	2	0	0	0	66	1	32	10	7	90	175	6	8	35	2	0	20	74	28	210	31	5	0	83	110	69	2	1	7	4	113	3
1885	1197	1097	108	44	89	54	109	37	39	36	34	54	19	137	129	34	34	33	2	57	42	32	3	40	14	0	1	16	96	70	86	43	86	37	47	62	19	57	7	78	80	33	48	31	1	56	52	33	2	16	51	0	2	4	514	0	0	12	420	0	1	33	2	0	1	38	2	39	6	0	0	20	27	13	2	0	0	0	66	1	33	8	8	76	194	6	11	36	4	0	20	74	28	187	36	6	0	75	103	70	1	1	6	5	108	1
1886	1282	1110	119	51	88	54	118	40	42	36	30	56	19	142	136	40	43	40	3	50	51	48	3	34	15	0	2	22	107	64	83	42	90	35	45	61	22	56	7	87	78	26	42	36	2	58	51	34	3	16	60	1	2	2	545	0	0	13	458	0	2	36	2	0	2	38	4	38	6	0	0	21	23	16	3	0	1	0	72	2	38	7	7	90	175	4	10	36	3	0	19	75	27	202	33	5	0	75	104	71	1	1	6	4	116	1
1887	1306	1067	127	52	99	55	117	38	46	44	37	56	18	130	138	43	48	36	2	51	47	39	4	43	16	0	1	19	103	71	76	48	89	30	45	56	21	53	6	77	72	26	40	35	1	58	51	34	3	15	52	0	2	3	558	0	0	14	469	0	1	37	2	0	1	37	2	39	7	0	0	19	25	17	3	0	0	0	73	2	33	8	8	91	164	6	7	36	4	0	19	71	28	194	35	5	0	83	96	64	1	1	7	4	100	2
1888	1474	1177	142	57	117	69	130	42	48	45	40	63	18	162	148	42	45	43	2	61	60	37	3	57	17	0	2	24	101	74	90	46	98	41	49	69	25	64	11	84	79	28	44	36	1	62	55	36	4	21	52	0	2	5	647	0	0	18	508	0	3	37	4	0	1	42	5	43	9	0	0	26	34	17	3	0	0	0	75	2	35	7	8	92	203	6	9	37	4	0	18	82	26	207	39	5	0	88	110	68	2	1	6	7	116	1
1889	1479	1111	143	55	97	64	146	46	47	44	43	61	18	154	148	47	54	44	2	65	51	45	5	57	17	0	1	25	100	75	77	47	92	38	47	62	22	57	8	82	79	28	42	35	1	60	50	34	3	15	52	0	1	4	637	0	0	15	520	0	3	38	4	0	2	46	4	46	8	0	0	31	29	16	3	0	0	0	76	1	34	7	8	93	201	5	6	37	3	0	19	80	23	196	36	4	0	76	95	62	1	1	8	5	108	3
1890	1534	1161	138	61	105	66	142	52	53	46	43	67	22	155	165	45	47	45	2	66	59	45	5	60	18	0	2	25	107	70	91	51	93	33	50	65	23	59	11	77	88	25	41	37	1	65	56	34	4	18	56	1	1	4	652	0	0	19	525	0	3	38	4	0	2	43	7	54	10	0	0	32	32	17	2	0	1	1	90	2	36	9	9	94	196	5	10	40	3	0	24	86	27	198	41	4	0	78	104	66	2	1	7	5	115	1
1891	1533	1127	149	60	101	64	138	47	56	46	49	64	20	161	169	47	47	41	2	68	56	44	5	60	16	0	2	21	108	73	87	47	87	26	47	66	23	61	11	78	84	24	41	35	1	63	52	31	3	17	57	0	1	4	655	0	0	18	536	0	2	39	5	0	2	54	6	49	10	0	0	24	30	22	3	0	0	0	76	2	35	6	8	91	194	7	6	34	4	0	22	88	24	202	35	4	0	82	95	67	1	1	6	5	108	2
1892	1661	1260	158	64	115	74	158	57	56	48	43	67	19	170	178	51	58	46	3	70	64	47	3	66	17	0	2	27	111	79	89	51	102	38	51	79	29	64	11	91	96	26	46	40	1	70	61	37	3	17	63	0	2	3	717	0	0	22	571	0	3	38	3	0	2	56	5	49	10	0	0	35	34	21	2	0	0	1	89	3	34	6	9	100	223	6	10	40	4	0	24	99	26	226	41	7	0	87	109	72	2	1	8	5	119	2
1893	1652	1179	154	69	116	68	154	53	59	52	42	65	20	186	172	53	48	51	2	67	55	48	4	66	21	0	2	25	105	71	89	50	91	37	43	74	25	62	11	86	85	29	38	35	0	67	58	34	4	15	63	0	2	5	717	0	0	19	571	0	2	41	4	0	1	53	5	55	7	0	0	31	29	23	3	0	0	1	88	2	36	5	8	90	200	5	9	39	3	0	19	90	23	215	38	6	0	84	104	67	2	1	8	5	120	2
1894	1702	1239	167	64	135	75	150	51	58	55	45	70	20	175	177	50	63	40	3	74	64	46	5	66	18	1	2	28	112	78	97	52	97	44	53	74	28	58	11	86	83	27	51	36	1	65	57	34	4	20	61	1	4	5	743	0	0	20	577	0	3	43	4	0	2	59	5	56	10	0	0	34	32	23	2	0	1	1	85	2	39	6	8	93	217	6	10	40	4	0	19	91	26	215	39	5	0	86	106	78	2	1	7	6	133	2
1895	1808	1241	172	71	145	78	173	56	64	54	51	70	19	187	183	47	62	50	2	72	62	57	4	79	20	1	2	27	105	72	100	51	107	39	57	79	25	61	9	94	87	30	48	32	1	66	55	38	3	20	56	0	2	4	796	0	0	22	620	0	1	46	4	0	3	57	8	56	11	0	0	35	34	20	3	0	0	1	87	4	37	7	8	97	217	5	10	37	2	0	18	94	26	224	38	4	0	87	117	69	1	1	8	5	127	2
1896	1825	1266	168	72	139	80	167	58	65	55	61	73	19	187	177	51	63	55	2	73	72	56	5	74	22	0	2	29	108	79	90	49	111	38	49	76	28	60	11	94	91	28	53	36	1	76	67	35	4	17	58	1	2	4	782	0	1	23	621	0	3	44	5	0	2	61	5	63	13	1	0	37	37	22	2	0	0	1	98	4	36	5	9	96	217	7	12	38	3	0	19	97	24	223	45	6	0	91	110	77	2	1	7	7	133	1
1897	1799	1229	158	75	130	74	155	59	66	57	49	65	19	203	183	56	61	49	2	78	64	52	5	81	23	1	3	31	104	74	88	56	101	42	55	70	21	65	10	87	85	30	47	35	1	72	65	35	4	20	57	1	2	2	772	0	0	25	618	0	2	43	5	0	1	61	7	61	12	0	0	37	39	22	2	0	0	0	90	2	35	4	10	99	217	7	9	39	3	0	21	100	23	214	43	5	0	85	103	70	3	1	7	4	126	1
1898	1975	1289	179	72	151	89	181	61	66	59	55	74	20	215	210	50	70	54	2	89	71	58	5	87	26	0	4	27	108	78	95	54	116	39	58	83	26	63	10	96	90	28	49	36	1	69	63	39	3	23	57	0	1	4	850	0	0	27	673	0	4	44	7	0	1	69	5	71	9	0	0	41	46	24	4	0	2	0	96	2	39	5	7	102	221	6	8	37	2	0	18	104	26	240	45	6	0	95	107	70	1	1	6	6	136	1
1899	1842	1200	175	66	143	78	167	63	60	52	58	75	20	189	181	52	69	47	2	81	71	56	6	80	23	0	2	26	105	73	89	47	100	38	54	78	25	65	11	87	81	27	46	34	1	69	56	33	3	18	56	0	1	3	795	0	0	26	623	0	2	41	4	0	2	61	5	72	9	0	0	35	48	23	4	0	0	1	88	3	36	6	11	94	205	5	7	41	2	0	19	97	24	223	42	4	0	83	95	71	1	1	5	4	123	1
1900	2225	1507	218	88	188	101	193	68	75	60	57	89	23	228	225	60	79	63	3	97	75	63	6	98	27	0	6	35	130	95	109	59	130	49	67	88	26	71	16	118	101	34	55	42	2	82	74	47	3	26	74	0	3	6	947	0	0	25	745	0	3	46	6	0	3	75	7	97	13	0	0	59	50	26	4	0	1	0	114	4	47	7	8	114	278	6	12	44	5	0	19	108	23	246	63	7	0	110	141	85	3	1	9	6	164	1
1901	1943	1210	191	75	150	86	161	58	71	55	58	71	24	198	206	54	65	49	2	89	67	56	5	92	28	0	3	29	108	62	94	51	103	38	49	64	22	61	9	95	93	28	47	32	1	80	59	36	3	24	48	0	1	2	837	0	0	24	649	0	2	41	6	0	2	74	4	79	10	0	0	43	41	20	3	0	1	0	102	5	42	4	9	100	200	7	9	33	2	0	18	99	20	216	50	3	0	86	112	62	1	1	6	4	123	3
1902	2042	1320	206	79	157	85	184	59	77	56	55	78	20	215	198	56	74	53	5	91	69	64	5	98	25	0	6	27	116	76	94	48	104	43	58	76	27	70	14	98	100	28	51	38	1	74	64	40	4	24	65	0	2	5	872	0	0	28	694	0	1	40	6	0	2	73	8	80	13	0	0	47	49	25	2	0	2	0	96	4	41	6	10	100	232	7	10	36	4	0	20	111	25	238	55	5	0	90	108	73	2	1	6	6	131	3
1903	2083	1306	201	84	162	89	186	65	69	50	59	78	23	217	208	59	75	57	3	102	81	61	6	88	25	0	5	30	108	78	92	61	101	42	61	76	23	63	12	99	101	25	47	39	2	78	64	41	3	24	61	0	1	4	904	0	0	28	702	0	3	42	7	0	1	70	4	88	12	0	0	41	47	25	3	0	0	0	103	3	38	6	10	106	235	6	9	36	3	0	17	109	23	232	55	4	0	89	103	73	1	1	5	4	139	2
1904	2166	1395	215	79	162	98	191	67	84	64	60	77	24	226	214	58	83	60	2	99	80	58	5	97	31	0	4	28	120	82	109	65	110	45	66	81	27	70	13	101	105	26	48	37	3	80	67	43	3	25	64	0	2	3	921	0	0	28	717	0	3	43	8	0	4	85	5	102	12	0	0	42	55	26	3	0	1	0	107	4	42	5	11	108	229	7	9	36	3	0	20	110	27	260	72	6	0	93	127	71	1	1	6	5	144	2
1905	2235	1421	226	90	173	100	198	67	78	64	61	85	22	238	216	62	76	57	3	98	77	66	5	104	34	0	4	31	124	91	108	56	118	48	64	82	26	69	14	104	107	34	55	34	3	77	67	40	4	25	65	0	1	5	957	0	0	33	744	0	2	42	9	0	2	88	7	100	14	0	0	47	47	25	4	0	1	1	108	4	39	5	14	108	249	6	7	35	5	0	21	113	23	268	70	5	0	92	121	77	1	1	7	5	146	3
1906	2220	1413	218	86	186	98	189	68	78	56	64	85	22	236	224	61	76	61	2	100	78	67	4	94	30	0	8	29	126	85	109	64	113	47	64	77	30	67	15	98	103	33	50	34	3	89	63	38	4	29	67	0	1	4	940	0	0	31	746	0	3	46	7	0	3	90	7	91	16	0	0	47	52	24	4	0	1	1	107	4	45	4	11	114	243	8	7	37	3	0	21	119	24	251	72	5	0	94	120	71	0	1	8	5	146	4
1907	2399	1549	246	91	175	105	199	79	88	63	64	87	25	249	234	59	95	66	3	112	88	71	4	118	37	0	8	33	130	88	118	67	124	48	71	90	29	74	17	116	112	37	58	40	2	90	76	49	4	33	68	1	1	6	1026	0	0	33	797	0	3	48	11	0	3	86	8	110	14	0	0	52	53	26	3	0	1	0	118	7	43	7	10	114	273	8	11	38	6	0	19	134	25	275	96	4	0	98	133	81	2	1	9	6	153	3
1908	2434	1584	246	106	185	96	207	72	96	63	64	91	27	256	248	62	82	63	2	110	93	75	5	116	31	0	6	32	135	95	119	77	133	51	80	96	31	69	15	112	113	34	60	43	3	87	76	45	6	32	66	0	3	3	1027	0	0	32	805	0	3	48	7	0	4	101	8	112	19	0	0	56	59	27	3	0	1	1	116	5	50	5	13	116	283	8	11	36	4	0	21	139	24	283	97	4	0	107	123	83	2	1	7	5	158	4
1909	2548	1679	247	101	202	105	233	75	92	69	70	96	30	268	263	66	94	70	3	109	101	69	4	106	37	0	7	31	150	100	130	76	137	58	82	97	29	80	15	125	123	33	64	36	3	99	75	50	4	31	76	0	1	5	1055	0	0	35	846	0	3	53	10	0	1	105	6	119	26	1	0	57	69	28	4	0	1	1	123	5	49	7	12	132	289	8	10	39	5	0	21	135	25	295	118	5	0	107	142	85	1	1	9	6	173	5
1910	2789	1839	281	114	223	120	227	88	106	74	73	105	27	289	280	71	104	83	3	132	99	75	4	121	46	0	8	36	159	112	144	83	136	61	87	111	35	94	19	134	128	38	67	47	3	98	88	60	6	42	76	0	3	8	1170	0	1	44	902	0	2	49	9	0	4	120	8	128	25	1	0	69	75	32	4	0	1	1	140	4	60	6	12	142	320	7	11	43	6	0	22	147	26	326	142	5	0	119	160	87	2	1	10	5	176	4
1911	2868	1999	296	108	230	117	247	85	118	69	76	107	27	287	296	79	105	79	2	125	106	81	5	136	47	0	9	31	170	118	150	91	161	57	103	122	38	87	21	152	139	50	70	44	3	111	96	64	7	43	90	0	5	7	1207	1	0	39	920	0	4	50	13	0	3	118	9	144	36	0	0	63	83	31	4	0	2	1	136	4	59	5	12	154	347	8	14	47	6	0	24	165	28	361	159	6	0	127	171	105	4	1	14	7	169	6
1912	3443	2906	331	145	262	146	301	97	127	83	89	122	37	348	360	94	120	94	2	160	131	104	8	158	67	1	10	46	259	185	219	132	222	74	141	174	54	116	37	219	202	63	117	77	6	161	138	95	12	60	119	1	9	14	1423	0	0	47	1112	0	5	59	20	0	5	158	11	169	39	0	0	84	95	37	4	0	3	2	164	6	81	11	16	223	479	13	20	59	17	0	30	252	39	522	239	8	0	186	265	140	9	2	19	8	258	10
1913	3706	3261	358	150	277	164	323	122	149	98	87	133	37	377	373	106	125	98	4	167	137	105	8	174	78	1	13	42	280	197	246	150	243	98	159	192	56	120	46	241	239	73	125	88	9	178	159	113	22	67	131	1	9	19	1529	1	0	49	1167	0	7	63	20	0	3	169	13	202	56	1	0	84	115	43	5	0	3	1	170	5	100	11	14	253	540	12	21	67	25	0	30	290	40	579	291	8	0	204	301	158	9	2	18	8	272	8
1914	4204	3759	427	156	332	178	371	128	158	107	103	144	50	414	432	119	145	105	5	181	157	127	10	196	86	1	17	55	322	227	282	170	288	116	172	217	63	139	61	281	261	86	147	93	8	215	184	134	27	88	146	1	12	19	1695	0	1	47	1360	0	5	73	23	0	4	189	12	239	61	0	0	93	128	46	6	0	5	3	205	9	108	12	20	302	626	13	20	80	26	0	40	335	39	648	355	10	0	235	335	186	14	2	21	11	311	10
1915	4968	4391	490	202	374	229	415	146	203	127	115	161	72	477	530	141	177	128	6	223	179	144	12	228	104	1	25	59	377	267	340	213	332	131	196	248	75	152	69	329	311	90	181	118	8	241	210	153	29	108	171	1	17	24	2004	0	1	62	1591	0	6	95	32	0	5	231	14	277	93	1	0	114	150	57	9	0	3	2	211	10	134	12	20	333	713	13	29	79	35	0	43	425	50	789	415	9	0	277	377	212	17	3	20	11	359	16
1916	5162	4534	510	210	383	242	423	167	198	121	129	177	64	492	558	142	176	127	5	244	191	150	12	252	107	1	24	57	377	271	348	227	328	132	203	272	73	156	76	336	325	97	182	117	14	245	220	156	30	123	175	1	16	34	2079	0	1	66	1640	0	6	94	43	0	6	243	11	300	92	1	0	115	154	56	8	0	4	2	232	9	155	14	19	332	744	14	28	92	41	0	50	423	50	798	429	8	0	291	386	220	16	3	23	11	374	13
1917	5314	4602	527	221	405	235	467	164	207	128	129	184	69	513	573	142	179	142	7	241	185	159	12	242	105	1	22	55	389	275	348	233	348	128	204	259	73	156	85	354	325	105	179	121	12	228	230	176	30	123	177	1	16	27	2113	2	0	67	1677	0	7	96	41	0	6	261	16	316	118	1	0	108	161	61	8	0	3	4	238	10	145	13	24	348	758	15	27	94	47	1	48	436	52	801	441	11	0	280	394	216	21	3	24	13	377	13
1918	5586	4814	549	232	415	255	478	167	219	133	138	201	66	534	607	146	193	141	7	261	201	176	14	252	119	1	20	61	396	278	388	232	343	150	206	277	79	167	90	368	345	111	173	125	18	265	240	173	31	120	191	1	22	25	2189	2	3	66	1793	0	8	110	38	0	7	277	13	352	105	2	0	117	168	61	9	0	5	5	247	9	147	14	24	376	811	14	29	91	50	0	48	451	58	852	443	13	0	297	419	219	20	2	25	12	385	14
1919	5559	4808	556	227	414	249	474	167	219	132	129	192	73	546	615	146	197	139	9	251	198	156	10	263	118	1	22	56	383	281	374	250	365	137	206	283	81	182	85	368	343	111	180	119	17	256	248	162	32	116	186	1	14	28	2183	1	1	73	1800	0	4	98	43	0	7	284	15	325	105	2	0	128	163	63	8	0	3	3	240	10	156	16	22	361	784	12	28	96	45	0	45	466	52	846	474	10	0	285	419	213	21	4	26	12	401	14
1920	5765	4992	556	242	430	271	484	166	227	130	139	214	83	565	647	158	192	141	5	258	193	164	13	273	128	1	24	61	413	299	399	245	364	142	220	279	76	174	86	386	373	114	188	131	12	271	253	177	34	117	193	1	18	27	2271	1	2	67	1827	0	9	112	47	0	8	287	15	348	109	1	0	121	182	61	11	0	4	4	267	11	144	14	23	373	827	16	31	95	55	0	45	483	53	880	503	10	0	295	434	225	19	3	26	12	413	13
1921	5870	4986	585	244	419	285	501	174	238	135	146	227	70	564	638	151	190	138	5	278	195	179	18	270	130	1	27	62	411	297	386	260	365	145	225	291	80	183	88	384	355	117	181	131	13	272	248	158	34	119	193	1	22	27	2292	2	2	70	1869	0	6	103	44	0	6	291	16	385	117	2	0	125	183	63	12	0	6	5	260	11	159	13	25	362	809	17	30	95	52	2	51	486	55	911	504	9	0	289	434	219	24	2	22	11	391	14
1922	5789	4970	565	238	429	271	483	169	234	134	142	222	73	554	650	153	195	149	5	265	204	163	16	274	116	0	23	62	405	286	374	264	362	147	232	281	78	188	91	376	369	115	180	124	15	269	237	181	30	120	199	1	23	23	2250	0	1	64	1854	0	6	100	45	0	6	293	15	375	117	2	0	128	176	59	11	0	3	6	270	8	149	10	22	363	822	13	28	95	59	0	42	484	56	881	522	11	0	286	431	211	24	2	22	8	417	12
1923	5740	4905	560	242	414	283	478	164	226	133	134	219	79	542	646	160	182	153	4	270	218	162	12	260	123	1	27	48	406	271	368	268	365	131	224	277	81	176	85	389	351	116	185	129	11	266	240	171	32	120	199	1	22	21	2245	1	3	62	1827	0	9	99	38	0	8	275	16	390	122	2	0	119	179	59	12	0	3	4	257	10	151	12	25	362	779	14	30	96	48	1	46	464	59	886	525	9	0	269	415	224	23	2	24	13	415	13
1924	5899	4969	580	242	426	306	476	164	236	131	142	252	83	554	656	162	190	149	6	278	223	159	14	261	128	0	28	53	412	286	394	275	367	141	221	274	73	193	87	365	347	123	183	134	14	261	255	187	34	122	176	1	22	22	2288	2	2	64	1870	0	7	98	43	0	6	285	14	430	115	2	0	124	190	63	14	0	3	4	265	10	158	14	26	350	782	14	31	94	57	1	54	485	58	906	558	9	0	283	420	200	22	3	21	14	395	14
1925	5775	4868	543	242	429	284	495	170	237	133	140	245	85	557	615	159	180	144	7	285	204	152	13	258	122	1	25	50	394	276	366	273	355	142	219	277	81	189	85	371	362	114	163	124	11	279	245	166	24	114	186	1	23	28	2210	1	2	59	1833	1	7	91	47	0	8	296	16	432	114	2	0	120	180	54	13	0	2	4	275	8	153	12	24	357	784	12	28	96	53	0	45	487	52	875	509	9	0	278	413	200	24	1	22	14	406	14
1926	5620	4844	519	225	392	302	465	172	247	121	142	254	68	521	606	173	175	145	6	269	199	145	11	251	131	1	27	53	396	278	383	286	345	132	224	270	71	189	82	376	348	102	174	124	13	275	242	164	34	103	184	1	25	23	2135	1	3	70	1790	0	6	93	44	0	7	285	15	406	105	2	0	122	178	64	11	0	3	4	264	12	159	15	25	356	784	14	30	84	50	0	45	474	56	862	505	6	0	274	421	199	22	1	19	11	418	14
1927	5605	4802	517	233	407	292	460	165	241	126	138	261	73	518	613	151	169	151	5	270	212	146	14	257	115	1	21	49	380	279	359	285	341	140	215	272	78	188	82	385	336	116	160	123	13	286	241	162	29	119	165	2	24	22	2172	1	1	65	1767	1	6	87	42	0	6	287	14	401	101	2	0	112	186	62	13	0	5	4	262	8	156	11	23	353	764	12	32	98	47	0	46	463	53	857	514	10	0	264	413	204	21	1	18	10	416	16
1928	5435	4723	486	230	395	301	458	155	228	113	130	262	69	522	583	150	154	130	4	283	210	144	8	229	122	1	19	49	397	272	366	283	335	133	212	272	73	187	76	378	332	110	159	120	13	280	221	152	27	114	168	1	18	24	2087	1	2	61	1731	0	7	88	39	0	7	265	10	421	89	1	0	107	179	57	10	0	3	5	255	10	148	13	25	359	754	11	29	85	36	0	44	469	54	850	535	7	0	263	387	193	19	1	17	9	402	13
1929	5272	4539	468	218	406	289	424	148	234	109	118	266	73	487	570	153	156	138	5	260	188	141	12	228	114	1	19	47	360	264	345	276	335	133	201	256	75	191	72	355	310	104	150	115	10	284	215	146	24	111	171	1	20	15	2009	2	0	59	1675	0	9	85	36	0	10	272	12	408	99	2	0	97	172	58	10	0	4	4	241	8	152	10	21	338	748	12	28	84	37	0	43	448	47	807	500	10	0	257	376	184	18	1	18	10	377	13
1930	5249	4540	470	214	382	305	400	153	231	110	122	286	65	498	570	154	142	135	4	276	186	136	12	230	104	1	18	45	365	253	347	283	322	129	210	254	68	198	79	368	319	103	154	118	11	277	216	149	22	102	162	1	14	16	2035	2	2	63	1657	0	6	86	36	0	8	249	15	415	88	2	0	95	172	51	10	0	4	4	239	10	154	13	19	336	757	11	29	79	31	0	45	460	45	797	488	9	0	248	372	205	16	1	15	14	384	12
1931	4973	4312	443	207	380	298	382	146	220	97	116	280	67	457	523	131	142	124	3	244	184	126	12	211	115	1	19	45	337	262	334	283	317	117	188	240	65	181	75	354	292	96	152	103	10	264	205	133	26	99	146	2	16	15	1915	1	1	52	1573	0	6	81	36	0	8	247	14	403	78	2	0	82	169	49	10	0	4	3	231	8	138	9	19	316	707	12	25	80	27	0	40	441	50	791	453	7	0	230	364	167	14	1	18	10	384	9
1932	5101	4282	463	201	377	305	388	145	220	110	113	293	67	481	556	141	129	133	4	257	185	130	8	228	109	1	20	37	349	243	332	273	303	125	204	234	64	184	71	352	291	100	133	103	10	273	198	132	23	101	151	1	17	15	1932	2	0	60	1639	0	5	78	42	0	7	250	12	428	82	2	0	83	166	50	10	1	4	4	236	8	136	10	20	313	712	10	29	87	23	0	44	436	43	776	432	8	0	232	357	178	16	2	18	11	377	12
1933	4855	4154	421	197	367	293	367	130	211	94	100	292	71	461	529	137	121	127	4	245	188	126	12	207	102	1	15	37	340	243	315	284	283	114	204	225	63	188	66	329	294	92	135	96	12	258	199	121	19	100	142	1	15	16	1865	1	1	51	1548	0	4	78	38	0	7	222	13	429	63	2	0	79	158	46	10	0	3	5	224	8	132	9	21	309	711	10	21	85	22	0	45	447	44	756	408	8	0	222	320	157	11	1	15	10	380	10
1934	4972	4208	428	201	372	301	365	122	241	97	99	311	75	476	539	136	118	120	5	255	199	130	8	219	102	1	19	33	336	233	334	292	295	109	202	219	57	191	76	351	289	92	131	102	10	265	190	132	22	99	151	1	11	18	1891	1	0	47	1610	0	6	79	42	0	5	237	9	430	61	1	0	80	165	52	10	0	3	4	233	6	137	14	19	313	694	11	21	86	20	0	36	453	44	772	415	8	0	218	344	173	9	1	17	11	381	11
1935	4889	4143	429	191	364	297	348	138	220	93	96	307	77	468	533	142	117	121	6	248	200	124	10	199	107	1	17	36	330	249	330	282	276	118	190	231	57	181	73	342	275	94	134	97	11	263	184	139	16	90	149	1	15	16	1878	1	1	44	1554	1	6	74	43	0	6	244	12	443	60	2	0	76	142	44	12	0	2	4	234	6	134	12	18	314	687	11	23	81	15	0	45	436	44	781	379	11	0	213	330	172	13	1	15	13	385	10
1936	4856	4038	415	187	369	301	337	131	220	94	98	317	78	441	534	135	113	116	3	256	230	128	8	194	97	0	17	37	312	242	316	285	265	112	201	216	55	188	76	330	274	88	121	95	11	262	192	128	20	91	135	1	9	13	1814	1	1	50	1531	0	8	74	43	0	7	243	12	458	54	1	0	75	150	51	11	0	3	2	259	8	129	9	17	312	695	9	24	82	17	0	40	427	42	745	372	9	0	221	313	158	7	1	15	10	375	9
1937	4927	4018	410	189	374	287	337	125	227	93	91	336	90	465	536	153	103	107	3	261	248	127	7	199	107	0	13	39	320	239	303	281	268	117	182	213	54	183	76	329	271	92	118	100	12	264	201	124	16	88	143	1	9	14	1851	2	2	43	1566	0	6	78	53	0	7	244	13	481	51	2	0	73	132	51	9	0	3	3	251	6	131	8	18	304	670	11	24	77	20	0	47	428	41	724	375	9	0	200	327	158	7	1	15	12	401	10
1938	4992	4033	403	189	365	320	327	135	216	92	93	338	93	475	543	146	107	131	4	277	258	128	7	186	107	0	13	39	304	235	300	281	263	119	187	206	58	194	73	333	266	98	118	101	7	282	202	133	22	89	136	1	10	15	1885	2	0	42	1564	0	7	79	59	0	5	242	13	504	47	2	0	72	140	51	8	0	2	5	256	7	127	9	18	317	656	11	23	80	16	0	43	441	37	757	372	12	0	196	325	163	8	1	13	11	388	9
1939	4951	3967	385	182	363	294	321	126	229	96	98	351	89	476	559	137	99	123	5	268	261	134	5	198	102	1	11	38	312	234	304	284	266	105	190	193	55	189	78	339	268	89	117	89	9	270	187	129	16	83	137	1	9	14	1868	1	1	51	1530	0	6	75	66	0	6	236	13	497	41	2	0	72	137	59	11	0	4	3	266	6	119	11	20	295	649	11	23	75	17	0	44	430	44	772	343	9	0	197	310	163	4	1	17	10	393	10
1940	5023	3938	393	204	382	286	321	133	232	95	88	359	107	480	542	137	97	125	3	268	282	140	5	184	102	0	15	43	304	232	295	274	249	101	194	205	57	185	81	332	273	81	103	101	10	274	188	140	16	80	140	1	9	13	1855	1	0	44	1553	0	6	84	69	0	7	243	12	527	39	1	0	73	149	57	12	1	4	5	274	7	115	9	18	294	649	10	27	76	13	0	40	424	44	749	353	9	0	195	313	165	5	1	15	10	394	10
1941	5086	3999	382	200	387	316	325	126	221	93	86	363	111	477	565	137	97	132	3	276	307	147	7	186	98	1	12	31	302	234	313	279	250	112	194	197	52	191	79	335	277	92	113	101	9	269	191	137	15	88	145	1	12	11	1856	2	0	49	1571	0	8	89	85	0	6	240	14	551	38	2	0	69	146	57	13	1	2	3	277	7	132	10	20	289	650	12	28	76	16	0	43	438	42	751	350	10	0	201	321	165	6	1	16	11	399	12
1942	5380	4045	401	213	412	349	307	129	239	91	81	393	122	506	607	141	93	140	5	321	327	158	6	184	101	0	11	43	301	237	313	285	258	113	202	195	53	201	83	334	292	90	104	94	10	285	193	136	18	84	140	1	10	13	1961	2	2	53	1650	0	7	91	102	0	7	259	10	577	35	2	0	75	144	65	13	1	3	5	308	8	118	9	23	305	663	12	29	77	19	0	45	430	47	755	350	10	0	203	323	167	6	2	18	10	415	9
1943	5364	4042	405	216	409	331	308	135	240	99	83	411	119	497	577	147	93	128	4	310	340	173	6	185	106	0	9	33	308	225	320	286	239	106	191	203	55	195	87	343	283	95	112	103	9	291	192	137	15	82	140	1	10	14	1968	2	0	51	1642	0	6	96	107	0	8	247	13	589	37	2	0	67	138	62	12	1	3	5	300	8	119	13	22	298	667	13	26	81	20	0	49	438	43	736	363	11	0	207	303	175	7	1	16	11	416	7
1944	5246	3907	386	219	417	360	300	122	222	94	80	387	130	488	563	133	91	129	4	304	324	169	6	180	94	0	13	31	287	227	311	282	240	100	183	197	50	197	87	322	262	84	104	100	8	281	178	139	17	83	144	1	8	15	1913	2	0	50	1569	0	8	91	120	0	6	241	15	575	29	1	0	68	148	61	12	1	3	4	321	8	112	9	23	291	639	13	27	73	20	0	42	419	48	750	354	13	0	190	301	149	5	1	14	10	395	9
1945	5244	3783	379	202	423	363	281	111	233	90	83	408	136	490	546	140	89	132	6	296	338	167	5	188	91	1	13	33	271	208	298	280	235	92	173	184	46	188	89	317	253	83	101	95	10	282	179	139	15	87	133	1	11	13	1911	2	3	46	1557	0	7	86	139	0	7	241	11	586	37	1	0	75	145	62	10	1	3	4	303	7	102	10	18	285	620	13	24	77	16	0	48	403	38	694	351	12	0	196	285	150	4	1	14	10	404	8
1946	5688	4014	413	224	468	398	304	128	243	95	85	450	152	525	590	137	88	147	4	328	374	198	4	189	91	1	16	36	297	231	317	295	242	102	197	191	53	192	95	324	271	86	102	103	10	307	184	155	14	85	132	1	11	17	2058	1	3	40	1709	0	7	92	159	0	6	264	18	662	30	2	0	70	151	60	11	1	4	3	329	8	110	11	20	290	644	12	30	75	24	0	53	439	46	765	367	11	0	192	312	160	4	2	17	11	408	11
1947	6106	4265	434	243	518	454	304	122	263	98	83	458	166	579	638	151	85	157	5	365	415	221	4	195	96	1	15	36	299	246	339	317	256	106	214	205	60	207	105	350	287	98	113	108	8	314	203	162	13	87	141	1	11	15	2206	2	2	53	1823	0	13	99	176	0	5	297	15	707	28	3	0	73	148	68	14	1	3	6	357	7	114	11	22	327	680	13	34	79	26	0	49	453	48	807	389	14	0	207	326	169	4	2	15	11	455	10
1948	6038	4196	428	225	529	430	285	121	248	102	85	457	174	567	625	155	86	159	8	364	399	229	6	206	97	2	15	36	306	232	337	303	243	111	199	198	53	216	116	341	283	92	108	100	10	312	206	161	16	90	137	1	11	14	2235	2	2	48	1770	0	11	106	170	0	6	275	13	693	32	3	0	71	150	72	11	1	3	5	351	8	117	11	17	308	660	15	31	84	26	0	56	440	41	806	392	13	0	208	324	161	4	2	14	10	444	12
1949	6059	4198	430	229	519	434	301	126	251	95	81	453	174	559	623	139	86	157	5	386	411	228	4	217	91	1	20	39	316	245	329	308	244	114	210	194	53	206	118	348	284	86	100	102	10	312	192	160	16	86	136	1	12	16	2247	2	2	52	1801	0	12	94	181	0	8	272	14	668	28	2	0	74	152	64	12	1	3	4	359	7	114	11	21	319	667	13	31	91	32	0	65	426	49	796	379	16	0	203	315	160	4	3	15	10	449	9
1950	6111	4199	420	235	531	463	285	132	245	100	71	465	191	582	598	152	82	142	6	378	417	239	8	215	96	1	17	40	308	245	324	307	248	114	203	185	51	212	113	345	303	86	90	105	14	318	196	159	17	86	138	1	14	17	2262	1	2	50	1791	0	11	101	189	0	10	256	17	700	28	2	0	79	156	70	12	0	3	5	357	9	99	13	20	303	645	13	35	78	29	1	70	429	47	796	398	13	0	214	340	165	5	2	15	10	446	13
1951	6212	4241	434	227	531	475	294	140	263	93	84	473	200	575	628	147	82	150	6	373	414	237	6	218	92	0	21	49	312	241	325	324	227	107	216	192	54	217	122	352	278	97	105	106	10	329	198	161	16	83	137	1	12	19	2315	1	3	46	1823	0	10	100	186	0	7	266	16	712	37	2	0	76	156	70	10	1	3	6	359	7	102	11	20	292	671	17	33	81	36	0	60	444	53	793	404	14	0	217	330	160	5	2	15	11	459	11
1952	6387	4263	439	244	556	502	275	126	260	99	82	490	229	613	642	146	82	166	6	384	424	246	6	224	90	1	22	33	319	244	319	332	236	113	213	181	55	229	134	346	275	98	93	101	10	335	197	164	14	86	134	1	13	21	2412	1	2	52	1827	1	13	97	215	0	10	267	18	725	40	2	0	79	158	74	10	0	3	8	367	6	105	11	26	305	653	15	37	91	41	0	67	464	49	799	388	13	0	205	328	165	6	5	17	14	447	12
1953	6490	4338	435	248	551	536	287	129	265	101	84	494	220	593	647	156	73	164	5	409	428	273	5	229	88	0	29	41	328	244	358	331	236	107	212	179	54	229	135	333	304	91	95	104	9	346	209	160	17	80	141	1	16	19	2440	3	3	49	1863	1	12	105	233	0	8	270	20	729	34	3	0	83	156	70	12	1	4	8	375	8	117	12	24	297	664	20	38	85	47	0	67	448	59	820	394	14	0	220	338	163	5	5	16	10	461	14
1954	6610	4352	432	250	552	532	290	127	271	100	85	504	236	611	665	153	75	164	5	400	466	280	6	243	92	2	27	42	317	242	335	345	230	104	219	178	56	224	145	340	299	95	99	105	9	345	215	169	17	92	137	1	14	20	2510	3	4	50	1854	1	12	100	244	0	10	296	21	738	33	3	0	82	154	78	10	1	3	7	388	8	110	16	27	304	666	19	38	93	41	0	78	456	55	823	409	14	0	213	316	159	5	5	15	10	464	16
1955	6721	4393	445	255	569	553	285	128	256	93	87	505	256	623	674	152	73	151	7	413	466	312	7	246	93	3	27	42	314	245	339	352	240	110	204	184	59	222	148	346	296	92	92	107	12	365	202	176	19	97	133	1	15	23	2560	4	2	54	1885	2	14	112	246	0	11	279	19	754	36	3	0	84	153	73	11	1	4	7	400	7	125	14	28	299	667	19	39	97	49	0	78	452	48	819	402	13	0	214	330	158	7	4	15	11	486	19
1956	6888	4451	438	235	594	576	278	118	268	90	90	525	293	665	676	157	72	155	7	424	499	334	4	231	86	1	30	42	324	249	344	366	235	103	221	166	56	230	149	353	306	94	96	107	11	373	208	181	19	95	130	1	14	20	2642	2	4	52	1918	1	17	116	268	0	12	284	18	782	34	2	0	76	159	82	9	2	5	6	390	7	131	12	29	303	660	23	39	96	61	0	83	445	51	834	416	15	0	212	335	171	6	4	16	10	482	17
1957	7010	4552	438	242	625	604	277	121	284	99	83	526	310	647	692	146	65	155	8	424	500	355	7	241	79	0	33	49	317	253	350	382	233	108	227	175	58	254	162	333	319	95	104	111	12	369	216	192	16	97	133	1	12	23	2696	5	4	49	1895	1	16	106	290	0	12	283	23	788	40	3	0	82	160	87	11	1	5	7	439	7	135	14	31	306	678	19	38	95	59	0	92	469	60	838	411	15	0	224	346	162	5	6	17	13	502	17
1958	7024	4496	453	252	600	605	263	112	253	99	82	509	349	665	681	144	61	167	7	416	515	400	8	224	79	1	35	44	322	260	339	384	229	109	218	166	53	244	165	332	306	91	84	106	12	374	217	194	16	100	137	1	17	20	2698	3	4	54	1884	1	18	103	306	0	13	289	22	792	39	3	0	76	156	88	11	2	5	6	443	8	136	15	30	302	655	21	35	92	64	0	87	452	63	854	408	16	0	224	316	170	6	6	18	10	497	19
1959	7195	4573	470	259	635	598	287	125	264	91	76	529	345	687	701	144	61	159	12	430	507	419	7	231	84	3	35	36	329	252	334	384	228	111	217	173	53	252	174	346	303	97	92	117	12	367	245	194	19	96	130	1	23	24	2795	4	5	56	1925	2	17	106	302	0	11	297	23	805	39	3	0	82	149	100	11	1	4	8	443	7	143	17	27	302	669	22	41	94	74	0	82	467	62	861	436	15	0	217	326	168	5	7	15	12	493	18
1960	7334	4589	483	268	604	636	282	126	255	89	81	529	358	717	727	145	69	174	10	409	526	433	8	241	77	3	35	49	331	265	352	397	234	112	208	163	52	258	180	335	302	102	88	109	11	370	232	200	17	90	133	1	24	23	2861	2	4	55	1961	1	12	104	318	0	10	302	22	804	46	3	0	83	152	100	11	2	4	6	462	9	141	17	31	294	661	21	36	91	71	0	84	477	66	877	442	17	0	214	330	170	6	6	19	10	488	20
1961	7524	4648	485	255	627	649	281	125	277	97	80	565	383	721	705	155	57	170	7	440	568	463	11	243	83	2	36	39	336	264	358	408	225	108	228	164	55	267	193	326	318	93	91	117	12	362	229	211	18	89	129	1	24	22	2993	3	7	60	2024	1	11	115	312	1	12	302	22	803	48	4	0	86	147	99	11	1	4	6	444	8	145	16	41	291	696	23	46	87	78	2	88	453	60	880	437	16	0	226	328	182	6	6	16	12	492	21
1962	7580	4621	486	258	635	670	276	125	261	92	85	528	395	741	731	155	63	171	10	430	570	480	9	240	88	3	36	42	342	269	355	423	215	109	209	154	56	273	183	322	319	96	79	106	12	355	247	223	16	88	126	1	24	19	3013	3	5	57	1985	1	12	109	332	1	14	306	23	834	48	3	0	86	139	100	11	1	4	5	478	10	146	14	41	280	676	23	40	100	78	1	95	458	58	878	442	16	0	213	331	167	8	7	18	10	501	20
1963	7662	4618	490	253	663	657	261	136	254	88	79	526	422	765	756	157	56	171	9	435	580	505	9	224	78	5	42	41	320	262	350	425	223	110	212	164	55	275	187	334	295	90	89	111	14	368	245	218	15	88	130	1	17	20	3042	3	6	60	2008	1	12	116	344	0	15	285	24	847	57	3	0	79	153	111	11	1	5	5	464	10	143	14	40	288	679	21	39	89	74	2	93	442	65	913	426	15	1	222	332	177	6	6	14	10	487	20
1964	7801	4587	510	262	641	695	261	121	268	95	89	539	440	753	741	158	60	189	12	458	622	500	8	224	70	5	42	38	339	250	348	438	210	112	207	154	55	277	191	320	304	101	75	105	16	349	245	215	19	88	127	1	20	21	3164	3	9	57	2003	1	14	107	347	0	14	299	21	854	49	3	0	90	159	104	11	1	4	6	470	11	146	13	41	286	643	22	39	95	69	6	93	446	60	895	446	13	0	232	331	177	7	7	15	10	476	19
1965	7533	4419	505	244	639	648	253	123	238	97	73	518	440	738	707	156	55	171	12	413	621	503	10	195	76	6	50	42	325	236	316	425	214	109	214	147	50	260	190	304	284	95	73	107	14	342	238	219	14	91	116	1	17	18	3109	2	6	52	1867	1	12	120	341	1	17	305	23	810	53	3	0	77	145	106	10	1	4	5	453	10	140	13	42	273	620	20	38	89	75	4	103	419	62	871	428	12	0	213	314	158	5	6	15	11	471	17
1966	7614	4532	505	248	653	640	255	123	232	91	78	518	450	747	727	162	55	156	13	425	631	532	15	194	68	7	48	41	321	240	341	421	212	108	206	141	54	277	199	311	294	102	79	99	11	354	256	234	17	88	125	1	22	19	3177	3	8	50	1911	1	11	105	329	0	14	299	23	820	57	3	0	81	140	102	9	1	4	4	455	7	145	13	42	290	622	24	38	92	75	4	106	438	61	900	442	14	0	213	315	169	6	9	15	10	469	20
1967	7846	4550	538	238	658	650	263	127	231	78	87	534	465	771	750	166	49	162	12	422	691	565	15	202	75	4	48	45	357	232	348	422	218	104	196	149	55	291	195	302	294	102	84	99	13	341	243	244	18	80	114	1	26	22	3317	3	9	52	1906	1	12	107	359	0	17	323	22	834	51	2	0	80	139	111	9	1	4	5	472	10	146	13	40	279	618	21	41	89	84	4	109	431	66	919	451	13	1	213	331	161	6	9	15	13	455	22
1968	8193	4735	548	248	697	684	265	118	242	89	89	558	507	814	760	184	53	162	16	443	724	618	14	200	63	7	50	40	353	249	359	453	212	105	199	156	50	304	207	311	310	109	86	103	15	351	280	261	19	79	117	1	23	23	3499	1	8	58	1966	1	13	118	360	0	17	332	24	880	57	3	0	90	128	108	8	1	4	5	502	10	156	13	45	303	614	22	43	96	81	6	117	442	66	975	464	13	0	231	346	173	6	6	16	14	465	22
1969	8707	5043	608	262	742	707	266	129	244	96	90	584	547	836	805	214	62	160	14	456	815	702	13	181	69	7	55	43	399	246	384	490	222	111	200	151	55	342	226	322	331	120	97	102	15	368	295	285	19	88	120	1	26	28	3689	2	8	60	2086	1	10	135	396	0	17	353	22	921	83	2	0	96	148	106	12	2	6	3	539	10	174	14	43	304	681	29	39	101	96	7	123	470	75	1050	495	13	1	234	356	171	8	11	17	13	494	24
1970	9343	5430	655	268	800	754	274	138	248	108	101	649	596	884	838	231	68	168	20	491	901	756	19	194	71	8	57	46	428	268	394	528	238	125	221	166	59	403	263	323	348	121	97	122	13	395	325	296	24	93	122	1	26	31	4100	2	11	54	2129	2	11	154	422	1	20	391	26	954	92	2	0	101	151	125	13	2	6	5	555	14	193	15	51	320	700	31	43	115	120	10	139	490	80	1150	525	14	1	273	387	176	16	12	19	11	511	28
1971	9630	5656	709	267	823	734	292	140	243	111	102	616	634	893	885	238	68	168	21	491	953	829	20	188	71	8	79	47	466	271	423	557	245	120	210	169	64	411	275	339	353	133	100	120	18	401	352	334	22	87	119	2	30	35	4337	3	10	48	2123	1	12	163	451	0	21	392	31	933	99	2	0	111	156	126	11	1	9	4	571	15	234	15	61	316	743	30	40	122	127	14	144	514	98	1180	536	17	1	277	407	183	17	11	18	13	504	34
1972	9657	5757	694	263	823	702	288	137	236	102	97	610	669	891	861	270	57	155	27	486	979	895	22	187	65	10	78	53	473	261	424	550	238	126	225	150	65	462	314	341	359	133	93	111	17	396	370	351	19	93	116	1	36	33	4477	3	10	53	2052	1	14	163	442	1	20	388	30	902	111	2	0	119	139	115	16	1	10	3	574	11	233	19	56	315	754	31	40	120	137	11	141	512	100	1205	569	14	2	295	408	183	18	13	18	12	517	34
1973	9801	5873	745	282	837	698	284	138	230	109	96	606	697	925	869	294	69	161	24	467	999	848	22	184	70	10	83	54	486	270	411	565	246	117	221	163	71	480	321	332	373	148	98	124	18	390	373	357	18	91	123	1	35	41	4713	1	9	52	2001	0	13	172	463	1	19	373	34	880	98	2	0	117	145	104	10	2	10	4	568	10	242	17	59	310	749	37	38	131	154	13	154	526	106	1250	586	16	1	304	410	178	21	13	19	13	493	33
1974	10236	6004	773	286	858	711	301	144	225	123	94	647	727	955	881	324	65	159	21	485	1090	958	20	173	73	7	80	56	495	263	436	590	241	116	224	156	67	512	322	335	397	156	108	104	17	420	383	367	20	84	109	3	39	40	4937	2	10	54	2039	1	10	190	494	1	21	381	34	910	122	3	0	126	144	111	13	1	12	3	606	11	276	16	54	309	784	41	35	126	167	15	166	523	98	1286	586	15	1	290	424	175	20	12	15	13	521	36
1975	10600	6326	831	296	911	718	297	139	221	126	106	690	752	988	865	352	69	166	26	484	1103	1033	24	171	72	11	90	59	546	275	454	591	245	118	224	172	70	522	335	344	416	163	104	122	20	460	415	439	18	86	101	2	37	47	5179	2	12	52	2057	0	18	208	488	1	20	373	40	967	113	2	0	123	158	111	14	2	12	6	627	15	297	18	56	318	797	38	42	151	193	15	159	546	124	1376	605	17	2	301	472	181	18	12	16	15	518	39
1976	10902	6487	843	316	911	701	305	145	233	129	107	699	800	998	908	369	67	158	31	517	1175	1055	24	186	67	8	94	56	537	295	444	619	247	118	229	169	81	562	356	361	412	174	103	112	27	457	430	435	23	86	116	3	42	49	5348	2	14	56	2088	2	17	255	507	0	22	382	31	964	117	3	0	133	155	105	16	2	11	7	649	16	291	22	63	330	806	36	53	155	189	13	167	572	126	1430	604	19	3	318	470	176	25	16	20	11	535	37
1977	11318	6848	865	314	907	710	314	157	224	152	118	776	871	1066	933	396	72	159	32	556	1241	1033	23	170	67	10	99	53	573	290	461	670	267	128	218	174	83	625	403	380	429	193	115	117	32	478	429	455	22	84	125	1	39	57	5561	2	11	55	2093	3	19	297	530	2	23	407	35	1054	99	2	0	138	150	123	20	2	9	6	658	19	338	23	61	348	851	39	46	172	212	19	171	609	134	1542	593	16	5	351	495	175	24	14	19	14	541	36
1978	11463	6758	906	304	950	719	337	146	228	149	121	795	916	1029	941	418	64	162	43	553	1268	1009	20	154	62	8	104	57	570	297	452	654	252	128	216	167	82	621	404	381	421	201	106	112	32	459	425	433	24	92	125	2	46	56	5629	2	13	54	2121	1	21	313	549	1	24	404	37	1050	100	3	0	138	149	113	16	2	12	7	681	23	332	22	63	337	822	39	51	181	199	18	168	593	135	1508	596	20	5	330	520	174	24	14	18	13	535	41
1979	11953	7065	938	363	985	737	335	152	229	149	123	824	945	1085	976	405	73	162	46	572	1393	1046	15	148	70	11	115	56	585	317	475	674	274	127	228	179	75	678	404	395	433	209	119	127	36	496	443	456	22	82	123	1	45	62	5900	3	15	62	2155	1	24	326	585	0	23	414	45	1111	96	3	0	139	154	127	20	1	13	8	709	19	341	23	60	367	851	38	69	190	219	17	173	642	146	1543	628	22	2	348	523	180	26	14	22	17	554	50
1980	12154	7277	950	383	986	709	335	145	233	161	124	873	969	1093	1008	429	66	162	43	610	1381	1035	17	173	77	11	126	55	588	316	492	670	281	137	250	200	81	701	410	394	459	227	111	133	34	485	456	482	20	95	125	3	55	72	5903	3	14	57	2218	2	28	352	596	1	26	419	42	1141	120	5	0	148	167	127	24	1	11	8	720	21	344	22	74	365	849	43	78	191	234	15	175	656	148	1617	643	21	6	363	566	184	28	15	18	14	557	51
1981	12182	7278	997	384	992	709	343	163	209	168	127	892	956	1072	981	448	63	177	51	588	1388	1021	17	179	61	17	120	59	622	315	503	645	287	128	257	196	89	695	416	382	455	223	105	134	34	486	446	477	26	99	126	4	64	64	5881	5	14	54	2273	2	37	341	596	1	24	430	41	1143	109	7	0	152	176	116	24	1	10	7	720	18	349	31	61	362	857	38	85	194	214	17	172	654	155	1595	643	30	7	355	564	192	36	18	24	14	558	53
1982	12320	7358	1011	377	1030	705	345	170	220	169	131	884	1006	1061	1003	435	62	181	46	585	1398	1039	17	175	60	16	127	67	611	331	503	659	279	130	250	207	83	714	425	367	475	227	115	148	40	482	447	482	29	103	122	5	62	62	5857	6	12	58	2280	2	45	347	570	2	25	452	44	1233	114	8	0	148	176	118	26	1	11	6	759	20	367	24	65	353	848	41	93	199	217	21	182	635	151	1652	635	28	5	387	551	187	35	15	28	15	567	57
1983	12060	7331	1017	373	1002	723	349	156	220	151	122	881	983	1022	954	421	73	173	53	560	1386	1020	13	160	57	13	119	59	611	322	483	659	288	134	250	194	86	738	426	375	459	209	104	146	41	490	447	476	26	101	119	8	75	64	5706	5	13	55	2218	3	42	335	602	1	24	423	42	1211	110	5	0	158	188	127	23	1	9	8	732	19	353	31	68	368	822	39	93	196	196	19	173	654	153	1681	622	25	5	382	546	191	43	16	28	12	562	53
1984	12167	7331	1040	379	1010	717	346	140	214	157	117	915	1032	1022	999	427	61	165	44	565	1385	1002	13	178	52	13	113	61	607	329	503	664	282	135	254	186	84	741	439	370	464	199	104	130	35	483	439	484	25	99	127	6	76	66	5695	4	15	52	2298	2	36	350	568	3	19	443	43	1255	107	7	0	155	174	116	22	1	7	9	761	25	345	26	72	366	819	36	90	194	197	20	182	672	147	1692	607	25	3	387	558	186	35	13	21	14	567	57
1985	12499	7577	1081	395	1078	733	365	153	214	159	140	925	1082	1016	1010	440	59	177	48	553	1452	979	11	166	57	14	123	69	612	358	535	709	281	130	239	200	85	765	445	367	477	223	106	136	44	501	464	489	22	106	128	7	73	75	5770	5	16	58	2369	3	41	363	588	3	27	437	46	1313	115	6	0	161	182	123	21	1	7	9	814	21	367	28	63	340	860	37	96	200	192	19	176	697	165	1775	606	23	8	408	578	193	35	16	25	18	589	63
1986	12813	7819	1114	414	1125	736	368	184	211	157	135	939	1111	1027	1064	435	62	167	46	593	1483	969	13	174	69	12	126	79	638	369	553	724	285	135	247	195	86	811	491	368	498	230	118	144	42	505	469	509	25	89	126	9	75	78	5868	6	17	58	2449	3	34	364	608	4	23	482	45	1350	108	6	0	180	185	126	22	1	10	8	834	22	389	29	69	360	904	45	86	195	215	18	183	704	161	1819	648	32	3	414	599	187	35	17	30	18	600	59
1987	13251	8140	1172	435	1125	790	379	177	217	170	145	1006	1160	1058	1072	445	62	189	51	605	1552	969	11	172	63	14	132	80	670	372	585	769	280	129	252	214	93	850	503	387	533	229	122	142	50	515	472	531	26	101	138	11	81	85	6078	6	17	62	2538	2	35	384	634	1	24	482	53	1375	111	7	0	169	192	131	21	1	9	10	882	27	410	36	72	366	951	38	93	198	224	20	198	722	166	1916	645	28	4	429	613	199	35	20	38	17	638	64
1988	13870	8482	1236	490	1170	822	386	167	236	176	132	1109	1259	1051	1117	453	66	189	60	623	1634	1020	12	162	66	14	145	75	696	371	592	795	297	145	270	217	92	899	545	405	567	244	121	150	48	546	488	546	31	100	126	12	88	91	6404	5	15	58	2658	3	42	393	676	1	25	479	53	1457	117	8	0	169	200	120	28	0	8	10	920	21	401	36	78	376	955	40	92	205	230	22	206	757	180	2070	657	24	10	475	662	200	40	18	34	17	625	72
1989	14537	9225	1393	502	1223	845	400	180	234	186	155	1138	1358	1094	1161	464	72	192	59	640	1685	1031	17	179	64	17	159	89	759	390	649	901	346	144	284	223	107	926	629	436	618	274	119	161	64	555	550	596	30	106	142	13	93	110	6766	6	15	59	2724	2	40	426	735	5	21	505	55	1500	116	7	0	183	211	138	25	1	7	14	944	32	501	45	78	387	1075	44	100	220	271	22	235	826	200	2225	718	30	8	488	699	198	44	18	30	23	657	83
1990	15229	9482	1457	558	1255	904	422	170	249	205	175	1153	1437	1075	1240	482	74	215	74	658	1788	1101	17	171	63	18	168	100	754	401	647	951	339	158	275	224	116	971	687	426	600	275	127	165	81	591	546	620	31	115	137	19	110	116	7102	6	18	66	2818	3	39	478	780	3	20	498	69	1558	126	11	0	196	229	136	32	1	9	12	986	33	431	53	83	396	1073	43	102	224	300	25	252	814	208	2353	745	33	11	517	737	213	46	22	21	22	658	100
1991	15461	9644	1497	544	1228	928	445	184	263	212	187	1165	1435	1065	1282	499	78	212	86	666	1803	1116	17	175	67	21	190	96	754	385	623	1010	332	145	286	234	123	980	717	436	620	288	131	158	83	566	572	683	33	108	137	18	105	117	7214	8	13	68	2798	3	38	525	792	6	15	505	64	1608	119	10	0	199	237	152	32	1	8	14	999	33	398	54	83	398	1137	46	94	223	314	24	240	831	199	2438	762	34	11	534	741	194	51	26	26	17	671	98
1992	15603	9812	1531	555	1252	974	442	167	245	212	180	1205	1466	1026	1329	526	93	202	76	661	1798	1096	27	161	59	22	187	111	774	392	617	1099	337	146	281	234	118	1005	738	436	642	282	133	163	97	554	553	691	35	105	131	16	107	126	7232	7	13	60	2860	3	39	546	813	4	27	486	61	1643	117	13	0	204	211	134	31	1	10	13	1041	34	410	57	84	384	1160	50	98	235	329	25	234	818	225	2588	702	29	13	538	768	208	49	25	24	23	639	97
1993	15793	10157	1596	593	1207	1001	476	179	261	227	195	1231	1505	975	1365	507	91	205	87	642	1714	1144	23	153	68	24	210	114	806	414	646	1116	317	151	275	258	125	1078	766	431	645	285	134	157	101	564	609	720	36	109	134	23	126	131	7254	12	16	62	2868	3	38	570	836	6	24	490	70	1699	117	9	0	230	228	138	29	4	10	16	1033	31	425	64	80	376	1236	54	93	242	342	30	262	865	226	2667	705	33	16	571	775	202	59	26	20	20	668	100
1994	15750	10242	1670	573	1181	1011	454	167	235	224	213	1233	1564	942	1384	537	88	209	79	653	1623	1118	20	156	62	27	199	128	830	412	642	1092	347	146	281	255	128	1093	795	406	650	300	131	163	99	550	637	737	36	108	132	18	119	135	7081	10	18	71	2806	4	35	677	860	5	26	489	63	1722	109	10	0	223	230	142	43	1	8	15	1072	30	408	58	85	393	1187	52	90	238	362	32	246	839	240	2764	726	33	19	581	777	214	56	27	25	25	658	107
1995	15752	10325	1750	566	1140	1018	455	159	257	240	226	1191	1576	916	1424	561	91	195	79	644	1578	1099	20	144	60	32	201	130	848	429	630	1076	333	145	288	237	138	1082	852	401	666	303	129	159	103	584	616	764	38	103	141	22	108	130	7020	11	18	62	2762	3	28	728	883	7	26	483	63	1764	107	9	0	224	245	144	37	1	10	16	1062	39	416	72	87	386	1171	51	93	249	374	24	256	806	242	2863	710	35	18	596	778	218	53	27	26	30	643	101
1996	15888	10532	1801	560	1103	1015	457	157	254	260	222	1243	1569	891	1484	561	100	193	61	635	1577	1116	21	144	59	29	210	166	847	424	662	1041	359	153	294	243	149	1133	882	392	683	304	140	159	106	593	630	781	37	101	140	18	120	141	6996	14	16	68	2737	2	33	784	949	5	26	434	60	1818	102	14	0	229	262	151	35	1	9	19	1087	37	398	74	83	380	1188	50	81	273	388	27	270	800	254	2989	711	38	24	614	802	211	53	30	25	27	635	107
1997	16156	10808	1944	558	1093	1028	505	158	279	256	222	1310	1572	873	1528	578	100	191	65	630	1512	1105	19	155	54	29	213	179	905	446	654	1098	358	153	287	260	151	1150	908	407	711	330	148	157	108	569	607	817	39	112	142	22	117	152	7034	12	16	64	2785	2	28	902	951	4	24	451	69	1856	91	9	0	235	257	142	29	5	7	19	1126	38	413	72	94	406	1199	50	75	299	422	32	262	802	250	3096	724	30	19	635	816	216	63	28	25	29	649	102
1998	16592	11296	2024	557	1125	1039	519	159	276	275	249	1338	1565	915	1603	615	90	204	58	663	1497	1123	22	151	63	28	223	211	951	448	680	1124	368	149	300	257	164	1247	954	404	750	342	143	168	109	614	658	870	45	101	139	17	131	163	7168	11	15	68	2789	3	29	985	985	7	20	445	73	1998	102	7	1	240	269	144	42	2	11	16	1122	40	402	88	103	408	1242	58	81	325	456	35	280	854	256	3291	719	32	24	661	826	227	65	35	20	31	673	104
1999	16936	11605	2061	584	1103	1029	562	167	282	279	263	1382	1652	899	1619	622	100	203	59	678	1522	1134	24	159	58	34	229	232	997	452	693	1147	397	155	297	264	178	1270	963	419	745	364	152	175	100	603	684	916	38	105	131	31	136	193	7227	14	16	74	2841	2	25	1070	1045	8	25	453	81	2016	93	8	1	237	265	171	39	2	11	17	1162	33	429	90	98	410	1288	53	70	333	467	39	273	840	284	3477	696	31	25	702	838	233	64	36	24	32	648	125
2000	17652	12111	2252	612	1129	1044	562	179	306	314	289	1433	1662	930	1715	666	109	218	50	692	1537	1125	27	163	60	41	282	255	1063	487	707	1192	434	165	306	284	187	1358	1033	424	766	380	164	172	98	624	703	900	39	106	138	25	144	212	7469	15	16	75	2892	3	31	1185	1127	7	28	457	87	2141	98	5	0	239	285	170	41	2	10	15	1216	38	434	100	100	435	1286	59	71	370	495	37	301	844	280	3699	722	32	26	736	900	237	60	38	27	36	660	126
2001	17965	12293	2355	607	1085	1030	604	179	306	312	309	1535	1658	936	1745	729	111	203	48	659	1586	1110	23	163	61	36	287	288	1113	506	716	1152	420	164	304	291	193	1394	1052	408	770	395	158	183	90	634	736	915	42	107	149	32	153	216	7466	13	19	73	2931	3	26	1292	1208	7	26	457	94	2165	91	6	0	241	284	170	43	2	9	21	1273	45	438	91	102	414	1263	56	71	388	529	45	308	868	299	3765	757	36	20	765	865	252	72	41	25	36	682	105
2002	18077	12477	2501	598	1080	1008	641	178	303	328	314	1556	1708	950	1724	715	109	207	44	679	1520	1048	23	169	54	42	303	275	1140	492	727	1141	438	166	316	292	207	1427	1070	409	800	385	177	185	104	633	738	894	41	120	152	35	156	232	7500	10	17	79	2882	3	28	1363	1265	4	26	446	85	2177	93	4	3	233	269	180	53	2	10	23	1284	38	430	103	101	416	1235	57	64	421	563	44	297	851	299	3931	732	31	22	811	854	254	75	45	24	35	676	106
2003	18421	12749	2578	601	1055	1001	654	178	318	347	316	1555	1699	970	1737	764	123	208	47	700	1588	1069	25	174	54	40	313	307	1203	535	733	1156	449	176	316	295	213	1443	1082	446	827	389	182	182	92	646	748	894	39	121	144	33	168	237	7465	10	19	70	2941	3	26	1478	1313	7	28	460	88	2233	90	6	3	235	288	180	53	3	9	18	1350	45	447	102	102	421	1232	59	63	423	578	48	299	875	295	4034	746	32	21	841	888	251	84	47	27	42	685	107
2004	18816	13211	2622	632	1065	995	689	175	353	358	330	1559	1773	1030	1750	779	127	227	45	706	1577	1074	26	171	58	40	328	327	1263	580	748	1134	487	178	312	316	217	1526	1145	454	836	414	179	187	87	667	762	902	42	132	152	38	197	256	7603	19	18	76	2961	3	24	1534	1377	7	32	453	86	2289	86	3	2	232	320	184	59	2	11	20	1372	43	502	103	107	407	1323	65	62	445	627	40	304	903	316	4250	734	36	22	841	845	255	75	54	26	51	710	108
2005	19170	13355	2774	641	1042	975	702	180	359	364	336	1627	1763	1030	1824	809	114	234	39	724	1571	1067	22	165	55	49	356	348	1261	556	731	1138	470	178	336	322	212	1520	1178	477	883	418	200	185	98	652	760	939	43	142	148	43	204	261	7674	13	16	73	2999	3	22	1673	1397	6	31	464	92	2312	101	8	3	235	310	187	55	3	11	26	1412	44	454	101	105	403	1262	61	58	475	633	49	308	944	294	4297	765	37	25	912	883	252	76	49	26	50	720	116
2006	20037	14021	2858	649	1072	1001	770	198	356	401	355	1716	1850	1089	1869	823	125	253	40	778	1705	1021	22	171	55	48	390	422	1329	590	777	1172	512	183	353	343	238	1575	1242	517	903	451	192	196	81	694	797	964	33	151	155	51	215	307	7960	13	15	71	3113	4	20	1863	1485	5	26	480	92	2388	101	4	2	245	336	193	61	5	10	26	1457	62	471	106	90	433	1297	63	65	487	685	49	339	960	315	4591	785	31	20	952	953	263	77	53	27	54	734	121
2007	20541	14376	2983	688	1097	1038	757	182	370	399	361	1750	1882	1154	1885	872	128	249	44	798	1738	972	26	192	60	57	395	464	1388	613	790	1180	539	176	347	342	254	1657	1257	507	929	449	196	207	89	715	806	975	43	145	163	48	224	337	8032	18	15	71	3137	3	24	1948	1588	7	31	509	100	2543	104	2	3	244	333	189	61	2	11	25	1481	60	462	110	109	424	1320	63	62	524	722	51	333	985	330	4729	798	32	22	999	959	255	87	64	28	61	723	124
2008	20430	14598	3028	669	1060	1018	801	190	366	413	376	1734	1910	1132	1879	844	129	265	44	814	1632	945	25	189	58	57	390	462	1385	608	803	1209	540	170	353	370	261	1680	1319	520	937	461	197	211	82	745	811	955	40	149	171	53	233	335	7810	16	16	71	3193	3	23	1990	1600	7	26	487	98	2536	105	2	1	249	329	198	53	3	12	28	1516	58	439	103	97	432	1309	75	72	535	716	54	344	1031	355	4842	802	32	18	1013	940	270	94	65	23	60	754	123
2009	20150	14507	3020	684	1047	982	833	182	377	400	352	1680	1852	1138	1865	845	134	272	35	813	1585	888	20	192	60	51	368	475	1403	640	813	1132	537	173	343	348	241	1632	1363	533	897	439	192	213	90	734	812	936	42	153	161	55	256	369	7538	15	15	70	3167	5	20	2046	1583	6	22	467	109	2576	108	2	3	255	326	182	55	3	17	29	1478	53	424	109	102	426	1266	65	76	560	744	50	340	992	348	4875	776	34	20	994	895	296	80	64	30	76	730	135
2010	19783	14229	3026	690	980	936	871	184	362	430	345	1637	1794	1146	1802	804	126	277	40	794	1512	828	26	192	59	54	357	511	1380	663	763	1110	534	180	327	344	246	1563	1320	512	897	430	180	211	70	743	820	901	43	151	160	55	250	376	7240	18	16	73	3101	5	27	2047	1586	7	28	457	101	2565	98	2	2	257	330	183	57	3	16	34	1473	57	408	117	107	435	1234	70	76	570	724	61	326	980	355	4777	755	28	19	986	850	266	80	68	26	73	717	121
2011	19519	14312	3018	704	978	914	847	183	347	432	343	1578	1789	1109	1794	808	134	293	34	777	1481	797	23	194	62	58	324	498	1415	676	775	1085	549	177	349	365	245	1556	1339	517	902	431	191	217	72	745	791	874	43	150	158	56	247	387	6970	14	11	73	3148	5	22	2051	1604	9	31	454	112	2577	94	4	1	244	315	185	58	2	18	37	1427	53	411	112	94	427	1263	71	74	558	720	58	331	969	364	4808	761	33	22	1003	854	267	93	68	32	79	723	117
2012	19380	14162	3048	696	943	862	893	205	356	435	347	1493	1760	1134	1761	783	131	297	35	813	1451	733	24	211	67	62	329	511	1449	651	787	1074	536	182	327	357	246	1469	1304	519	908	427	193	223	60	750	801	857	41	155	167	60	250	369	6840	15	14	72	3130	7	22	1986	1645	11	28	447	114	2543	92	5	3	274	310	194	61	1	15	37	1454	60	407	102	103	402	1211	68	88	562	743	59	346	947	373	4746	730	26	20	1003	868	283	75	73	32	82	702	111
